1 13
1 12
1 11
1 10
1 9
1 8
1 7
1 6
1 5
1 4
1 3
1 2
1 1
2 15
2 14
3 52
3 51
3 50
3 49
3 48
3 47
3 46
3 45
3 44
3 10
3 43
3 42
3 41
3 40
3 39
3 38
3 37
3 36
3 35
3 34
3 33
3 32
3 31
3 30
3 29
3 28
3 27
3 26
3 25
3 24
3 24
3 23
3 22
3 21
3 20
3 19
3 18
3 17
3 16
4 72
4 11
4 71
4 70
4 69
4 68
4 67
4 66
4 65
4 64
4 63
4 62
4 61
4 60
4 59
4 58
4 57
4 56
4 55
4 54
4 53
5 132
5 131
5 130
5 129
5 128
5 127
5 68
5 126
5 125
5 124
5 123
5 122
5 121
5 120
5 119
5 118
5 117
5 116
5 115
5 114
5 113
5 112
5 111
5 110
5 109
5 108
5 107
5 105
5 106
5 105
5 104
5 103
5 5
5 102
5 101
5 100
5 99
5 98
5 97
5 96
5 95
5 94
5 93
5 92
5 91
5 90
5 89
5 88
5 87
5 86
5 85
5 84
5 83
5 82
5 81
5 80
5 79
5 78
5 77
5 76
5 75
5 74
5 73
6 141
6 70
6 68
6 140
6 9
6 139
6 138
6 8
6 137
6 136
6 135
6 134
6 133
7 167
7 166
7 39
7 165
7 38
7 164
7 163
7 162
7 161
7 160
7 159
7 158
7 157
7 156
7 155
7 154
7 153
7 152
7 151
7 150
7 149
7 149
7 148
7 147
7 146
7 145
7 144
7 143
7 142
8 179
8 178
8 177
8 176
8 175
8 174
8 173
8 172
8 171
8 170
8 169
8 168
9 184
9 183
9 182
9 181
9 180
10 199
10 65
10 156
10 198
10 197
10 196
10 195
10 6
10 194
10 62
10 193
10 192
10 191
10 5
10 54
10 190
10 189
10 188
10 187
10 75
10 17
10 186
10 185
11 204
11 148
11 203
11 202
11 142
11 201
11 200
12 208
12 207
12 170
12 206
12 205
13 215
13 214
13 213
13 212
13 30
13 211
13 210
13 209
13 19
14 217
14 216
15 220
15 219
15 218
16 262
16 68
16 261
16 260
16 259
16 258
16 257
16 256
16 255
16 254
16 253
16 252
16 251
16 250
16 196
16 148
16 249
16 248
16 247
16 246
16 245
16 244
16 243
16 242
16 241
16 240
16 239
16 238
16 237
16 193
16 236
16 235
16 234
16 233
16 232
16 231
16 230
16 97
16 3
16 229
16 228
16 227
16 226
16 225
16 224
16 96
16 223
16 222
16 221
17 272
17 271
17 270
17 269
17 268
17 267
17 266
17 265
17 264
17 263
18 274
18 67
18 273
19 287
19 175
19 286
19 285
19 284
19 283
19 282
19 281
19 280
19 279
19 278
19 277
19 276
19 275
19 200
20 292
20 291
20 290
20 289
20 288
21 298
21 297
21 296
21 295
21 292
21 294
21 293
22 305
22 304
22 303
22 302
22 88
22 301
22 300
22 299
23 318
23 317
23 316
23 315
23 314
23 313
23 312
23 311
23 310
23 309
23 308
23 272
23 307
23 306
24 324
24 323
24 322
24 321
24 320
24 319
25 332
25 39
25 331
25 330
25 329
25 199
25 328
25 327
25 326
25 325
25 87
26 340
26 339
26 38
26 37
26 30
26 338
26 21
26 337
26 336
26 335
26 334
26 333
27 213
27 393
27 392
27 391
27 38
27 390
27 274
27 389
27 36
27 35
27 388
27 387
27 124
27 122
27 386
27 385
27 158
27 384
27 161
27 383
27 382
27 381
27 380
27 164
27 379
27 32
27 34
27 378
27 377
27 308
27 31
27 9
27 256
27 376
27 375
27 138
27 156
27 374
27 373
27 372
27 371
27 370
27 21
27 369
27 368
27 150
27 367
27 366
27 64
27 365
27 364
27 198
27 149
27 152
27 363
27 119
27 250
27 362
27 361
27 327
27 210
27 360
27 135
27 359
27 146
27 248
27 135
27 249
27 358
27 245
27 242
27 357
27 62
27 241
27 113
27 112
27 356
27 355
27 354
27 353
27 352
27 351
27 350
27 349
27 348
27 347
27 22
27 192
27 191
27 346
27 228
27 345
27 344
27 343
27 342
27 341
28 402
28 68
28 163
28 401
28 400
28 124
28 386
28 399
28 398
28 372
28 397
28 396
28 156
28 395
28 394
28 195
29 407
29 406
29 405
29 404
29 403
30 412
30 411
30 410
30 308
30 212
30 158
30 378
30 23
30 409
30 408
31 332
31 420
31 419
31 418
31 140
31 121
31 90
31 417
31 416
31 89
31 415
31 414
31 413
32 427
32 11
32 426
32 425
32 32
32 9
32 424
32 423
32 422
32 187
32 421
32 414
33 434
33 433
33 432
33 431
33 159
33 430
33 429
33 428
34 132
34 439
34 128
34 438
34 437
34 436
34 435
35 444
35 443
35 442
35 441
35 440
36 451
36 450
36 449
36 448
36 447
36 446
36 445
37 454
37 397
37 373
37 453
37 452
38 463
38 462
38 461
38 460
38 459
38 458
38 457
38 149
38 456
38 455
39 469
39 468
39 467
39 466
39 465
39 464
40 473
40 122
40 472
40 395
40 371
40 471
40 470
41 529
41 528
41 527
41 526
41 517
41 402
41 45
41 525
41 524
41 523
41 522
41 521
41 520
41 519
41 129
41 42
41 518
41 517
41 516
41 260
41 515
41 259
41 332
41 514
41 311
41 513
41 165
41 400
41 512
41 393
41 433
41 511
41 164
41 510
41 410
41 38
41 509
41 401
41 405
41 508
41 391
41 385
41 507
41 125
41 124
41 506
41 505
41 161
41 379
41 158
41 380
41 383
41 212
41 504
41 31
41 9
41 256
41 376
41 156
41 138
41 503
41 502
41 150
41 501
41 252
41 250
41 500
41 362
41 361
41 499
41 326
41 246
41 498
41 249
41 497
41 146
41 242
41 496
41 495
41 347
41 494
41 354
41 22
41 352
41 493
41 108
41 492
41 236
41 104
41 343
41 491
41 294
41 490
41 489
41 346
41 488
41 342
41 487
41 486
41 485
41 3
41 484
41 483
41 482
41 228
41 481
41 190
41 1
41 224
41 480
41 479
41 478
41 133
41 477
41 19
41 175
41 476
41 475
41 474
42 339
42 536
42 328
42 420
42 365
42 535
42 534
42 533
42 303
42 55
42 532
42 531
42 285
42 530
42 414
43 542
43 379
43 541
43 540
43 539
43 538
43 537
44 550
44 236
44 102
44 58
44 549
44 548
44 547
44 546
44 177
44 86
44 545
44 544
44 543
45 559
45 558
45 557
45 556
45 132
45 555
45 554
45 553
45 15
45 552
45 551
45 329
45 500
45 121
46 154
46 563
46 562
46 24
46 561
46 121
46 560
46 239
46 191
46 486
47 402
47 567
47 222
47 566
47 565
47 564
48 578
48 577
48 576
48 575
48 574
48 573
48 186
48 572
48 571
48 570
48 569
48 568
49 584
49 583
49 582
49 151
49 581
49 580
49 271
49 579
50 589
50 588
50 587
50 586
50 585
51 593
51 212
51 592
51 365
51 591
51 590
52 594
52 521
52 282
53 599
53 598
53 196
53 597
53 354
53 548
53 596
53 575
53 595
54 516
54 600
54 419
54 433
54 38
54 393
55 622
55 420
55 621
55 620
55 619
55 513
55 140
55 471
55 618
55 503
55 65
55 21
55 199
55 617
55 616
55 615
55 614
55 613
55 350
55 494
55 612
55 611
55 610
55 609
55 608
55 4
55 55
55 607
55 266
55 606
55 605
55 604
55 603
55 602
55 601
56 258
56 213
56 164
56 393
56 124
56 126
56 627
56 626
56 309
56 625
56 624
56 623
57 501
57 634
57 633
57 632
57 496
57 631
57 630
57 629
57 91
57 88
57 628
57 287
57 333
58 639
58 215
58 638
58 637
58 156
58 470
58 247
58 241
58 144
58 487
58 480
58 636
58 635
58 569
59 643
59 388
59 36
59 385
59 386
59 140
59 139
59 503
59 121
59 642
59 641
59 640
59 570
60 512
60 649
60 67
60 308
60 8
60 66
60 648
60 647
60 91
60 646
60 645
60 228
60 644
60 476
61 654
61 653
61 209
61 652
61 651
61 650
62 678
62 52
62 677
62 676
62 675
62 674
62 673
62 295
62 251
62 672
62 671
62 670
62 292
62 24
62 669
62 668
62 352
62 667
62 666
62 346
62 487
62 485
62 205
62 484
62 665
62 664
62 481
62 663
62 662
62 91
62 661
62 660
62 659
62 209
62 658
62 293
62 657
62 171
62 656
62 655
62 403
62 333
63 394
63 64
63 272
63 686
63 685
63 684
63 683
63 682
63 681
63 680
63 679
64 39
64 470
64 688
64 687
65 693
65 460
65 692
65 42
65 39
65 691
65 400
65 690
65 316
65 689
65 373
66 70
66 703
66 128
66 69
66 522
66 518
66 702
66 432
66 410
66 419
66 701
66 700
66 390
66 329
66 699
66 151
66 250
66 327
66 272
66 698
66 357
66 335
66 697
66 543
66 656
66 696
66 695
66 694
67 713
67 712
67 711
67 385
67 65
67 14
67 710
67 365
67 709
67 149
67 149
67 708
67 134
67 249
67 22
67 236
67 96
67 487
67 58
67 707
67 706
67 479
67 93
67 644
67 705
67 635
67 587
67 704
68 718
68 713
68 311
68 717
68 716
68 715
68 714
68 226
68 225
69 516
69 725
69 724
69 316
69 723
69 315
69 506
69 310
69 722
69 314
69 36
69 721
69 21
69 67
69 386
69 720
69 719
70 728
70 311
70 727
70 410
70 726
71 400
71 212
71 715
71 243
71 112
71 102
72 516
72 734
72 733
72 126
72 732
72 471
72 253
72 731
72 730
72 729
73 315
73 737
73 212
73 736
73 735
74 743
74 513
74 742
74 107
74 59
74 741
74 403
74 740
74 739
74 569
74 738
75 748
75 402
75 747
75 746
75 203
75 291
75 745
75 403
75 744
76 407
76 45
76 760
76 128
76 317
76 703
76 519
76 41
76 759
76 600
76 524
76 758
76 418
76 386
76 383
76 212
76 520
76 757
76 399
76 756
76 8
76 525
76 21
76 27
76 501
76 251
76 246
76 135
76 755
76 243
76 754
76 24
76 753
76 241
76 496
76 597
76 549
76 179
76 95
76 663
76 752
76 751
76 176
76 656
76 750
76 169
76 749
76 80
76 282
76 354
76 185
77 593
77 713
77 390
77 432
77 140
77 616
77 756
77 767
77 766
77 105
77 765
77 764
77 763
77 684
77 530
77 762
77 761
78 771
78 770
78 769
78 768
79 778
79 777
79 776
79 775
79 774
79 773
79 772
80 637
80 780
80 580
80 730
80 705
80 779
81 792
81 791
81 790
81 789
81 788
81 305
81 787
81 786
81 62
81 105
81 492
81 202
81 731
81 4
81 763
81 415
81 645
81 785
81 228
81 784
81 333
81 333
81 783
81 782
81 781
82 11
82 793
82 644
83 797
83 475
83 796
83 779
83 795
83 794
83 18
84 801
84 800
84 799
84 75
84 798
85 804
85 100
85 231
85 803
85 226
85 659
85 802
86 808
86 807
86 806
86 75
86 805
87 815
87 132
87 814
87 813
87 812
87 811
87 810
87 809
87 333
87 652
87 795
88 825
88 693
88 824
88 823
88 329
88 822
88 151
88 105
88 105
88 821
88 820
88 819
88 818
88 817
88 656
88 475
88 816
89 827
89 807
89 16
89 826
90 41
90 759
90 260
90 40
90 842
90 426
90 314
90 508
90 841
90 420
90 36
90 388
90 310
90 840
90 839
90 838
90 837
90 836
90 835
90 349
90 352
90 834
90 5
90 833
90 832
90 102
90 664
90 831
90 830
90 829
90 828
90 807
91 42
91 508
91 39
91 383
91 843
91 595
92 848
92 847
92 498
92 846
92 845
92 844
93 703
93 519
93 855
93 401
93 410
93 255
93 27
93 150
93 26
93 198
93 327
93 247
93 854
93 145
93 135
93 497
93 561
93 242
93 245
93 239
93 22
93 108
93 193
93 203
93 237
93 731
93 202
93 489
93 853
93 231
93 3
93 664
93 335
93 658
93 171
93 476
93 852
93 477
93 851
93 850
93 745
93 333
93 779
93 413
93 565
93 640
93 802
93 849
94 858
94 772
94 857
94 856
95 861
95 860
95 859
96 862
96 476
96 476
97 864
97 822
97 56
97 88
97 863
98 260
98 315
98 163
98 312
98 126
98 721
98 310
98 870
98 378
98 869
98 616
98 29
98 14
98 868
98 787
98 867
98 217
98 866
98 865
98 809
99 878
99 125
99 123
99 383
99 29
99 424
99 648
99 877
99 788
99 500
99 735
99 140
99 356
99 837
99 119
99 876
99 498
99 875
99 874
99 814
99 493
99 873
99 872
99 85
99 813
99 871
99 452
100 887
100 886
100 885
100 884
100 883
100 882
100 881
100 880
100 879
100 201
101 893
101 892
101 527
101 891
101 890
101 889
101 888
102 893
102 528
102 898
102 897
102 896
102 895
102 894
103 906
103 905
103 904
103 903
103 324
103 902
103 901
103 772
103 900
103 899
104 897
104 911
104 910
104 904
104 909
104 908
104 907
104 324
104 774
105 33
105 212
105 330
105 732
105 370
105 112
105 714
105 192
105 914
105 913
105 912
106 918
106 917
106 516
106 515
106 916
106 915
106 39
106 425
106 410
107 377
107 34
107 922
107 921
107 785
107 920
107 919
108 925
108 515
108 924
108 923
108 758
108 593
108 332
109 929
109 928
109 927
109 230
109 926
110 931
110 930
110 70
110 760
110 257
111 935
111 934
111 296
111 933
111 932
112 940
112 940
112 939
112 938
112 937
112 936
113 942
113 941
114 945
114 944
114 943
115 950
115 124
115 949
115 136
115 948
115 947
115 705
115 946
116 956
116 955
116 520
116 954
116 668
116 953
116 952
116 951
117 156
117 960
117 959
117 958
117 957
118 963
118 962
118 44
118 42
118 961
119 969
119 891
119 968
119 967
119 966
119 965
119 964
120 973
120 972
120 971
120 970
121 977
121 976
121 975
121 974
122 978
123 983
123 982
123 981
123 980
123 979
124 988
124 987
124 986
124 985
124 984
125 991
125 163
125 393
125 124
125 388
125 400
125 38
125 385
125 311
125 65
125 232
125 233
125 990
125 227
125 226
125 989
125 872
126 994
126 993
126 992
127 998
127 997
127 996
127 995
128 1006
128 1005
128 1004
128 1003
128 1002
128 1001
128 460
128 1000
128 999
129 1011
129 1010
129 1009
129 1008
129 1007
130 1014
130 540
130 1013
130 874
130 21
130 1012
131 464
131 1016
131 1015
132 1021
132 1020
132 1019
132 1018
132 50
132 1017
133 1026
133 1025
133 1024
133 1023
133 1022
134 969
134 206
134 1030
134 1029
134 1028
134 1027
135 1034
135 1033
135 1032
135 1031
136 1038
136 1037
136 1036
136 1035
137 1041
137 1040
137 891
137 1039
138 1045
138 1044
138 1043
138 1042
139 1051
139 703
139 128
139 1050
139 878
139 260
139 758
139 1049
139 1048
139 1047
139 293
139 223
139 590
139 651
139 1046
140 1052
140 862
141 1055
141 1054
141 1053
142 1059
142 1058
142 1057
142 1056
143 1063
143 1062
143 1061
143 1060
144 1066
144 1065
144 1064
145 1073
145 1072
145 1071
145 1070
145 1069
145 1068
145 1067
146 1076
146 1075
146 1074
147 516
147 1078
147 156
147 1077
148 472
148 732
148 199
148 1079
148 634
148 709
148 59
148 866
149 1084
149 1083
149 1082
149 1081
149 1080
150 1089
150 1088
150 1087
150 1086
150 1085
151 1104
151 1103
151 1102
151 1101
151 194
151 1100
151 1099
151 1098
151 1097
151 1096
151 1095
151 1094
151 1093
151 1092
151 1091
151 1090
152 1107
152 1106
152 1105
153 955
153 872
153 605
153 636
154 1108
155 1113
155 1112
155 1111
155 1110
155 1109
156 1114
157 1116
157 517
157 214
157 1115
157 42
158 1122
158 1121
158 324
158 1120
158 1119
158 1118
158 1117
159 1124
159 1123
160 1129
160 1128
160 1127
160 1126
160 1125
161 29
161 368
161 372
161 437
161 397
161 254
161 156
161 138
161 135
161 194
161 831
161 478
161 1131
161 1130
161 281
161 84
161 333
161 951
161 806
162 637
162 9
162 623
162 256
162 330
162 616
162 368
163 332
163 1134
163 370
163 540
163 117
163 535
163 105
163 1133
163 833
163 1132
163 84
164 1136
164 1135
165 1140
165 1139
165 1138
165 1137
166 1154
166 1153
166 1152
166 1151
166 418
166 33
166 308
166 623
166 869
166 330
166 503
166 1150
166 1149
166 253
166 1148
166 1147
166 1146
166 1145
166 1144
166 1143
166 1142
166 632
166 63
166 746
166 292
166 1141
167 125
167 1159
167 1158
167 756
167 616
167 472
167 373
167 614
167 502
167 1157
167 491
167 54
167 4
167 1156
167 1155
168 1162
168 1161
168 1160
169 1166
169 1165
169 1164
169 1129
169 1163
170 1169
170 1168
170 1167
171 1173
171 1172
171 1171
171 1170
172 206
172 1177
172 498
172 1176
172 1175
172 1174
172 874
172 23
173 1182
173 966
173 1181
173 1180
173 1179
173 1178
174 1184
174 262
174 1183
174 835
175 1187
175 1186
175 891
175 964
175 1185
176 1192
176 1191
176 1190
176 1189
176 1188
177 1197
177 1196
177 1195
177 1194
177 1193
178 1088
178 1199
178 1198
179 637
179 1200
179 710
179 242
179 146
180 1205
180 1204
180 1203
180 1202
180 1201
181 1209
181 1208
181 1207
181 1206
182 10
182 426
182 136
182 1214
182 1213
182 1212
182 538
182 1211
182 105
182 921
182 99
182 1210
183 1219
183 1218
183 1217
183 1216
183 1215
184 1223
184 1222
184 1221
184 1220
185 1226
185 1225
185 1224
186 1232
186 1231
186 1230
186 1229
186 1228
186 1227
187 1236
187 1235
187 1234
187 1233
188 1242
188 1241
188 1240
188 1239
188 1238
188 1237
189 39
189 359
189 169
189 705
189 1244
189 650
189 1243
189 16
190 1246
190 72
190 11
190 593
190 580
190 1245
191 1248
191 841
191 1147
191 1247
192 522
192 257
192 648
192 1249
192 729
193 924
193 1251
193 712
193 717
193 1250
194 1256
194 1255
194 713
194 723
194 390
194 1254
194 274
194 1253
194 721
194 614
194 1252
195 956
195 954
195 758
195 842
195 517
195 212
195 15
195 254
195 394
195 360
195 1258
195 366
195 245
195 112
195 1257
195 332
195 243
195 765
195 178
196 637
196 152
196 193
196 347
196 236
196 1
196 1259
196 652
197 863
197 10
197 44
197 32
197 395
197 56
197 1262
197 1261
197 1260
198 1049
198 814
198 1263
198 714
198 475
199 1269
199 506
199 34
199 30
199 592
199 255
199 837
199 1268
199 1267
199 1257
199 1266
199 1265
199 745
199 80
199 577
199 1264
200 1273
200 1272
200 1271
200 1270
201 1277
201 1276
201 833
201 1275
201 1274
202 1284
202 1283
202 1282
202 691
202 1281
202 66
202 1280
202 1279
202 1278
203 1287
203 1115
203 1255
203 842
203 1049
203 65
203 1286
203 1285
204 759
204 869
204 949
204 256
204 329
204 1293
204 1146
204 211
204 839
204 540
204 1200
204 948
204 1292
204 352
204 232
204 545
204 636
204 1291
204 1290
204 277
204 77
204 1289
204 452
204 1288
205 333
205 333
205 1301
205 1300
205 641
205 1299
205 1298
205 589
205 1092
205 1297
205 1296
205 263
205 1295
205 1295
205 738
205 1294
206 1304
206 356
206 948
206 670
206 355
206 194
206 344
206 1303
206 91
206 415
206 283
206 1302
206 783
206 1260
207 1305
207 1305
207 1305
207 1305
207 1305
208 1308
208 1307
208 1306
209 1312
209 1311
209 1310
209 1309
210 274
210 1159
210 387
210 1320
210 1319
210 1318
210 1317
210 877
210 780
210 1316
210 538
210 1315
210 1314
210 116
210 947
210 1313
210 282
210 80
211 1325
211 1324
211 1323
211 1322
211 1321
212 232
212 1327
212 1326
213 796
213 745
213 958
213 1294
213 1329
213 1328
214 1343
214 409
214 1342
214 196
214 117
214 62
214 1341
214 961
214 115
214 1340
214 786
214 874
214 493
214 192
214 307
214 1339
214 1338
214 1337
214 102
214 56
214 1336
214 607
214 345
214 664
214 1335
214 1334
214 54
214 831
214 1333
214 479
214 1332
214 658
214 285
214 1331
214 779
214 1330
215 1349
215 1348
215 1347
215 1346
215 1345
215 1344
216 1352
216 1351
216 1350
217 839
217 1370
217 364
217 877
217 710
217 1369
217 613
217 396
217 1368
217 1367
217 117
217 1366
217 1365
217 1364
217 1363
217 668
217 353
217 290
217 821
217 834
217 731
217 1362
217 341
217 56
217 1257
217 345
217 1361
217 344
217 55
217 1360
217 832
217 1359
217 335
217 1358
217 819
217 225
217 479
217 1132
217 88
217 1357
217 1356
217 176
217 84
217 1355
217 1354
217 1353
217 957
218 1375
218 1374
218 1066
218 1373
218 1017
218 1372
218 1371
219 1378
219 1377
219 1326
219 552
219 823
219 254
219 29
219 1142
219 238
219 98
219 544
219 850
219 1290
219 1376
220 1230
220 517
220 1287
220 722
220 159
220 196
220 361
220 134
220 241
220 22
220 489
220 853
220 486
220 1381
220 1338
220 205
220 664
220 229
220 1
220 20
220 1380
220 1379
220 575
220 595
220 1376
220 680
220 849
221 517
221 71
221 520
221 123
221 136
221 1382
221 1339
221 646
222 1386
222 855
222 1385
222 1280
222 1014
222 1384
222 1383
222 91
222 809
222 1302
223 699
223 63
223 273
223 1388
223 1387
223 811
224 385
224 1320
224 310
224 273
224 835
224 1175
225 747
225 434
225 841
225 508
225 67
225 32
225 8
225 1393
225 246
225 1392
225 667
225 143
225 1391
225 341
225 1257
225 92
225 21
225 404
225 171
225 749
225 1390
225 794
225 1389
226 132
226 256
226 1393
226 146
226 134
226 243
226 62
226 352
226 101
226 99
226 990
226 959
226 85
226 957
227 1395
227 1394
228 562
228 1397
228 357
228 351
228 1396
229 953
229 448
229 280
229 575
229 1398
230 1403
230 1402
230 1401
230 1400
230 1399
231 1407
231 1406
231 1405
231 1404
232 1413
232 1412
232 1187
232 1411
232 1410
232 1409
232 1408
233 1415
233 1414
233 713
234 1417
234 715
234 1416
234 634
235 1419
235 1418
235 464
235 464
235 464
236 1422
236 1421
236 1420
237 13
237 956
237 72
237 878
237 1255
237 855
237 393
237 388
238 1426
238 1425
238 1424
238 1423
239 1431
239 1430
239 1429
239 1428
239 1427
240 1432
241 1433
242 1066
242 1435
242 1434
243 1438
243 1437
243 1436
244 1444
244 1443
244 1442
244 1441
244 1440
244 1439
245 424
245 121
245 1149
245 1447
245 1446
245 1292
245 654
245 270
245 604
245 1445
245 278
246 1450
246 1449
246 502
246 1448
247 365
247 106
247 306
247 1452
247 102
247 543
247 1451
247 276
248 988
248 158
248 433
248 690
248 1266
248 140
248 650
249 1352
249 1457
249 1456
249 1455
249 1454
249 1453
250 1458
251 1464
251 798
251 1463
251 640
251 695
251 1462
251 1461
251 1460
251 1459
251 186
252 1251
252 1467
252 1466
252 170
252 281
252 1465
253 1469
253 1468
254 1473
254 1164
254 1472
254 1129
254 1187
254 891
254 1471
254 1470
255 1477
255 1476
255 1475
255 1474
256 1481
256 1480
256 905
256 1479
256 1129
256 901
256 1472
256 1478
257 1485
257 1484
257 1483
257 1482
258 555
258 1489
258 1488
258 1487
258 1486
259 1493
259 1492
259 1491
259 1490
260 1495
260 1494
261 1499
261 1498
261 1497
261 1496
262 1501
262 1500
263 1505
263 1504
263 1503
263 1502
264 1508
264 1507
264 1506
265 1512
265 1511
265 1510
265 1509
266 1515
266 1514
266 1513
267 600
267 383
267 309
267 256
267 437
267 170
268 599
268 330
268 1517
268 145
268 1516
269 1516
269 351
269 21
269 1518
269 302
269 1252
270 977
270 1521
270 1520
270 1519
271 1525
271 1524
271 1523
271 1522
272 423
272 1528
272 1134
272 252
272 1157
272 1527
272 1142
272 708
272 248
272 353
272 1526
272 347
272 238
273 1531
273 684
273 1530
273 1529
273 19
274 1533
274 1387
274 187
274 1532
275 1537
275 1536
275 1535
275 1534
276 1541
276 1540
276 1539
276 1538
277 1545
277 1544
277 1218
277 1543
277 1542
278 839
278 1546
278 1200
278 217
278 442
279 1547
279 818
279 1276
279 284
279 421
279 474
279 808
280 1023
280 1023
280 1010
280 1010
280 1549
280 1549
280 1548
280 1548
281 1553
281 1113
281 1552
281 1551
281 1550
282 1559
282 1558
282 1557
282 1556
282 1555
282 155
282 1554
283 1560
284 1564
284 1563
284 1562
284 1561
285 224
285 871
286 1568
286 863
286 1567
286 427
286 1287
286 728
286 258
286 1566
286 603
286 1565
287 1572
287 792
287 1571
287 1570
287 1569
288 1574
288 1573
289 1576
289 1575
290 1578
290 257
290 243
290 1577
291 332
291 1580
291 661
291 1579
292 1582
292 1148
292 366
292 786
292 145
292 1049
292 546
292 373
292 1581
293 1583
294 1586
294 1585
294 1584
295 1251
295 497
295 242
295 194
295 193
295 244
295 191
295 662
295 335
295 1156
295 479
295 545
295 1130
296 1590
296 1589
296 1588
296 1587
297 1593
297 1592
297 1591
298 1598
298 772
298 1597
298 1596
298 1595
298 1594
299 1601
299 1600
299 1599
300 1604
300 1603
300 1602
301 923
301 339
301 869
301 437
301 65
301 375
301 1608
301 1317
301 709
301 247
301 243
301 62
301 1607
301 1606
301 1605
301 1466
301 75
302 1028
302 1610
302 464
302 464
302 464
302 1609
302 464
303 713
303 1200
303 198
303 1611
303 61
303 1362
303 687
303 79
304 420
304 418
304 161
304 35
304 256
304 157
304 360
304 135
304 245
304 1526
304 25
304 343
304 231
304 1261
304 1613
304 831
304 1612
305 312
305 411
305 369
305 546
305 210
306 324
306 1614
307 613
307 634
308 1200
308 5
308 345
308 173
309 1622
309 1621
309 1620
309 1619
309 1618
309 1617
309 1616
309 1615
310 1626
310 1625
310 1624
310 1623
311 1632
311 1385
311 422
311 1533
311 1631
311 1147
311 211
311 598
311 1630
311 1176
311 227
311 493
311 59
311 1292
311 1629
311 1628
311 97
311 1359
311 1627
311 221
311 532
312 1637
312 1636
312 1635
312 1634
312 1633
313 295
313 1639
313 1638
314 1643
314 1642
314 1641
314 1640
315 1648
315 1647
315 1646
315 1645
315 1644
316 1662
316 1661
316 1660
316 1168
316 1659
316 1658
316 1657
316 1656
316 1655
316 1654
316 1653
316 1652
316 1651
316 1650
316 1649
316 743
317 1665
317 1664
317 1663
318 1670
318 1669
318 1457
318 1668
318 1667
318 1666
319 916
319 126
319 619
319 507
319 621
319 399
319 505
319 383
319 379
320 736
320 634
320 211
320 1673
320 1672
320 632
320 1630
320 1365
320 1671
320 217
320 1531
320 342
321 1676
321 79
321 1300
321 1675
321 1674
322 907
322 1678
322 1677
323 1685
323 1684
323 1683
323 1682
323 1681
323 1680
323 1679
324 945
324 1173
324 1688
324 1687
324 1686
325 1691
325 1690
325 1689
326 1184
326 1184
326 1692
326 1692
327 1696
327 1695
327 1694
327 934
327 1693
328 1699
328 883
328 1698
328 1409
328 1697
329 201
329 783
329 1462
329 1461
329 1460
330 1243
330 1296
330 1295
330 650
330 1705
330 1295
330 1704
330 946
330 1703
330 1702
330 1701
330 1700
330 1288
331 476
331 1131
331 476
331 80
331 1707
331 530
331 1706
332 1711
332 1710
332 1709
332 1708
333 1714
333 1713
333 1119
333 166
333 1712
333 713
334 1716
334 1715
335 1717
336 1720
336 1719
336 1705
336 1718
336 744
337 1446
337 1722
337 178
337 1721
338 1724
338 1723
339 1730
339 1352
339 1729
339 1728
339 1727
339 1726
339 1725
340 1738
340 1737
340 1736
340 1735
340 1734
340 1715
340 1733
340 1732
340 1731
341 1739
342 1742
342 1741
342 1740
342 1023
342 711
343 1743
343 15
343 43
343 259
344 1744
345 1747
345 1746
345 1745
346 789
346 790
346 1533
346 1546
346 1147
347 1750
347 1749
347 1748
348 1754
348 1753
348 89
348 1265
348 1752
348 1751
348 435
349 27
349 251
349 361
349 195
349 135
349 670
349 497
349 24
349 1757
349 731
349 106
349 22
349 549
349 231
349 486
349 1756
349 190
349 818
349 205
349 480
349 169
349 86
349 920
349 174
349 1
349 1755
349 333
349 79
350 786
350 1267
350 170
350 1755
350 1758
350 80
350 414
350 78
351 1760
351 1759
352 1762
352 1761
353 1765
353 1764
353 1763
354 1767
354 1766
355 370
355 1258
355 1527
355 228
355 87
356 533
356 623
356 199
356 1768
356 250
356 541
356 4
357 206
357 1771
357 383
357 1770
357 1621
357 1769
358 931
358 1775
358 1287
358 127
358 69
358 392
358 1774
358 367
358 1393
358 1367
358 112
358 59
358 58
358 1773
358 403
358 1772
359 1778
359 1777
359 1776
360 1783
360 1782
360 1489
360 1781
360 1780
360 1779
361 122
361 500
361 251
361 1784
361 355
361 109
361 490
361 1338
362 1786
362 1785
363 1788
363 1787
364 1790
364 470
364 1143
364 780
364 541
364 246
364 1366
364 670
364 111
364 107
364 1789
364 102
364 952
364 170
364 696
364 704
364 1460
365 1794
365 1793
365 1792
365 1791
366 1796
366 1795
366 21
367 923
367 1798
367 1797
367 1409
368 1801
368 1293
368 1800
368 1292
368 1799
368 1335
369 10
369 260
369 426
369 454
369 173
370 1802
370 954
370 1317
370 682
370 545
370 543
371 1804
371 1803
372 1808
372 1807
372 1806
372 1805
372 1593
373 1815
373 1814
373 1813
373 1812
373 1811
373 1810
373 1809
374 1817
374 1816
374 954
374 621
374 619
374 620
375 1821
375 1820
375 1819
375 1818
376 1567
376 1326
376 869
376 330
376 365
376 237
376 1627
377 1826
377 1825
377 1824
377 1823
377 1822
378 1830
378 1829
378 1828
378 1827
379 368
379 1148
379 397
379 1527
379 803
379 1832
379 436
379 1831
380 865
380 535
380 1174
380 292
380 603
380 1834
380 1833
381 1287
381 212
381 1608
381 563
381 1836
381 832
381 1835
382 1841
382 1167
382 1840
382 1839
382 1838
382 1837
383 963
383 1845
383 1844
383 1843
383 1842
384 1849
384 1848
384 1847
384 1846
385 1852
385 1851
385 1850
385 324
386 1857
386 1856
386 1855
386 1854
386 1853
387 1528
387 227
387 241
387 561
387 684
387 231
387 335
387 531
387 1290
387 1249
388 139
388 273
388 822
388 1858
388 1388
388 922
388 150
388 1370
388 642
388 625
388 497
388 663
388 658
388 403
389 1384
389 1370
389 437
389 409
389 362
389 327
389 361
389 1527
389 292
389 24
389 1722
389 203
389 1861
389 664
389 831
389 169
389 1758
389 1331
389 403
389 1860
389 651
389 1859
389 575
389 18
389 17
390 254
390 1286
390 1014
390 1370
390 1672
390 1673
390 1862
390 1341
391 1253
391 1863
392 1867
392 1866
392 1865
392 1864
392 1235
393 1869
393 1868
394 1872
394 1775
394 1871
394 1870
394 1870
395 1875
395 1875
395 1874
395 1874
395 1873
395 1873
396 1878
396 1877
396 1307
396 1876
397 1882
397 1881
397 1880
397 1879
398 839
398 247
398 1175
398 348
398 853
398 765
398 88
398 1077
398 285
399 1604
399 1884
399 1739
399 1883
400 1888
400 1887
400 1886
400 678
400 1885
401 1370
401 735
401 6
401 289
401 663
401 1889
402 1894
402 583
402 1893
402 1892
402 1891
402 1890
402 68
402 195
402 244
402 231
403 1897
403 1168
403 1182
403 1896
403 1895
404 324
404 1901
404 1900
404 1899
404 1898
405 243
405 115
406 1905
406 1748
406 1904
406 1903
406 1902
407 1909
407 1908
407 1907
407 1906
408 129
408 520
408 954
408 732
408 740
409 10
409 395
409 98
409 832
409 1261
409 1353
410 1910
410 954
410 124
410 506
410 621
410 620
410 619
411 1911
412 1914
412 1913
412 1912
412 1050
412 690
413 1915
413 516
413 40
413 916
413 340
413 419
413 345
413 544
414 27
414 119
414 325
414 489
415 1918
415 1917
415 1916
416 1919
416 27
416 839
416 549
416 284
417 1924
417 1923
417 1922
417 1921
417 1920
418 1927
418 422
418 546
418 27
418 345
418 1926
418 1925
419 874
419 1929
419 58
419 1671
419 1928
420 1934
420 1057
420 1933
420 1932
420 1931
420 1930
421 686
421 1947
421 1142
421 834
421 708
421 144
421 229
421 294
421 1452
421 1946
421 354
421 549
421 952
421 1945
421 1048
421 1944
421 1339
421 657
421 603
421 532
421 285
421 1132
421 228
421 1943
421 1942
421 1941
421 1940
421 1939
421 811
421 1938
421 1928
421 1937
421 1936
421 78
421 1935
422 1950
422 1949
422 1948
423 1954
423 1415
423 1953
423 1952
423 1951
424 1958
424 1957
424 1956
424 1955
425 1959
426 1963
426 1008
426 1962
426 1961
426 1960
427 1967
427 1966
427 1965
427 1964
428 1970
428 1969
428 1968
429 1971
430 1975
430 1974
430 1973
430 1972
431 1981
431 1980
431 921
431 1979
431 831
431 1978
431 1831
431 1977
431 221
431 850
431 1302
431 201
431 1330
431 1243
431 1976
432 1985
432 1984
432 1983
432 1982
433 1988
433 4
433 803
433 1987
433 21
433 1986
434 1992
434 1991
434 1990
434 1989
435 355
435 561
435 1606
435 731
435 346
436 1858
436 120
436 1317
436 121
436 196
436 250
436 1994
436 562
436 357
436 1100
436 234
436 1262
436 603
436 651
436 795
436 1993
437 1379
437 1996
437 18
437 1995
438 1997
438 2001
438 2000
438 1999
438 1998
438 1997
439 2005
439 2004
439 2003
439 2002
440 2010
440 2009
440 2008
440 2007
440 2006
441 1672
441 1673
441 470
441 249
441 2011
441 483
441 801
442 2013
442 2012
443 906
443 2015
443 2014
444 2020
444 1040
444 2019
444 2018
444 2017
444 2016
445 2024
445 2023
445 2022
445 1674
445 2021
446 2027
446 2026
446 2025
447 563
447 2028
447 359
447 534
448 567
448 923
448 1176
448 631
448 1379
448 1976
449 2029
449 4
449 1756
450 2032
450 2031
450 392
450 2030
451 2033
451 1503
451 1504
451 1177
452 2000
452 2036
452 2035
452 2034
453 324
453 2038
453 1496
453 2037
453 218
454 599
454 514
454 1580
454 2039
454 812
455 2042
455 2041
455 523
455 2040
456 1374
456 460
456 1481
456 1017
457 1408
457 2047
457 2046
457 2045
457 167
457 2044
457 2043
458 1061
458 2050
458 2049
458 711
458 2048
459 2055
459 2054
459 2053
459 2052
459 2051
460 1156
460 270
460 282
460 1756
461 2058
461 1307
461 166
461 2057
461 2056
462 2060
462 1297
462 1235
462 2059
462 1297
462 1099
463 892
463 2064
463 2063
463 2062
463 2061
464 1890
464 552
464 1672
464 550
464 105
464 57
464 201
465 2068
465 2067
465 2066
465 2065
466 2072
466 2071
466 2070
466 2069
467 2075
467 2074
467 1801
467 2073
468 2079
468 2078
468 2077
468 2076
469 2084
469 2083
469 1562
469 2082
469 2081
469 2080
470 1850
470 1851
470 2085
470 1113
471 2088
471 579
471 1936
471 2087
471 1301
471 2086
471 744
471 589
471 783
471 1260
471 1295
472 1954
472 2091
472 2090
472 974
472 2089
473 2095
473 2095
473 2094
473 2093
473 2092
474 686
474 1366
474 2096
474 633
475 1236
475 1014
475 394
475 1858
475 839
475 1388
475 788
475 1581
475 26
475 326
475 6
475 355
475 302
475 2100
475 609
475 493
475 306
475 105
475 294
475 653
475 4
475 662
475 764
475 2039
475 1356
475 2099
475 580
475 177
475 88
475 1758
475 1755
475 2098
475 1860
475 2097
475 1210
476 2101
476 924
476 1153
476 758
476 724
476 340
477 2105
477 2104
477 2103
477 2102
477 2039
478 2109
478 2108
478 2107
478 2106
479 2113
479 2112
479 2111
479 1199
479 52
479 891
479 2110
480 2118
480 2117
480 2116
480 1457
480 2115
480 2114
481 179
481 2120
481 168
481 2119
481 1355
481 172
482 2121
483 2125
483 2124
483 2123
483 2122
484 2130
484 2129
484 2128
484 1884
484 2127
484 2126
485 2131
486 2132
487 1353
487 1379
487 1859
487 2134
487 2133
488 2136
488 1193
488 2135
489 2087
489 590
489 79
489 641
489 2138
489 1465
489 17
489 2137
490 1409
490 2140
490 2139
491 552
491 2141
491 402
491 72
491 637
491 841
492 1533
492 2142
492 809
492 745
493 903
493 2145
493 2144
493 2143
494 2147
494 2134
494 2146
494 585
495 2148
496 211
496 634
496 837
496 1143
496 1368
496 498
496 2096
496 2150
496 488
496 752
496 2099
496 2149
497 2156
497 1143
497 2155
497 2154
497 116
497 2153
497 2152
497 2151
498 1089
498 2160
498 2159
498 2158
498 2157
499 2164
499 2163
499 2162
499 2161
500 2172
500 2171
500 2170
500 2169
500 2168
500 2167
500 2166
500 2165
501 1111
501 2173
502 2179
502 2178
502 2177
502 2176
502 2175
502 2174
503 2183
503 2182
503 2181
503 1621
503 2180
504 1937
504 705
504 1301
504 2184
504 951
505 924
505 2185
505 194
505 453
505 1979
506 2190
506 2189
506 2188
506 2187
506 1967
506 2186
507 324
507 2193
507 792
507 2192
507 2191
508 2198
508 2197
508 2196
508 2195
508 2194
509 2202
509 1193
509 2201
509 2200
509 2199
510 2204
510 1163
510 1480
510 1374
510 2203
511 2208
511 2207
511 2206
511 2205
512 2209
513 1663
513 2212
513 1102
513 2211
513 2210
514 1376
514 2214
514 2147
514 2213
514 680
514 719
515 2217
515 2216
515 1561
515 515
515 2215
516 1049
516 2220
516 2219
516 2154
516 698
516 2218
516 580
517 2222
517 2221
518 2226
518 2225
518 2224
518 2223
519 2229
519 2228
519 1307
519 2227
520 2109
520 556
520 2232
520 2231
520 2230
521 2233
521 1449
522 820
522 300
522 1303
522 88
522 2235
522 532
522 2234
522 811
523 2237
523 2236
523 369
523 948
523 1526
523 1942
524 1934
524 905
524 1422
524 2239
524 2238
525 2246
525 2245
525 2244
525 2243
525 2242
525 2241
525 2240
526 2140
526 2249
526 2248
526 2247
527 2254
527 964
527 2253
527 1168
527 1125
527 2252
527 2251
527 2250
528 2258
528 2257
528 2256
528 2255
529 394
529 2259
529 95
529 654
529 347
530 1293
530 115
530 1836
530 61
530 2260
530 105
530 1353
531 1758
531 2262
531 2261
532 2263
532 613
532 396
532 211
532 195
532 633
532 1214
533 2267
533 2266
533 2265
533 2264
534 1045
534 2270
534 2269
534 2268
535 2274
535 2273
535 2272
535 2271
536 2277
536 2276
536 295
536 2275
537 2279
537 2279
537 2278
537 2278
538 1768
538 2282
538 303
538 2281
538 98
538 960
538 210
538 2280
538 1266
538 1276
538 803
539 713
539 340
539 620
539 780
540 2283
541 2115
541 328
541 839
541 1533
541 1148
541 1752
541 87
541 2284
542 1866
542 1916
542 1838
542 1828
543 2289
543 2288
543 2287
543 1994
543 1366
543 247
543 2286
543 496
543 1364
543 597
543 714
543 1337
543 2285
544 2293
544 2292
544 1142
544 353
544 668
544 670
544 2218
544 63
544 591
544 715
544 1263
544 292
544 61
544 2011
544 238
544 2291
544 1516
544 352
544 2280
544 89
544 266
544 1313
544 2290
544 641
544 170
544 1362
544 827
544 951
544 265
544 1976
545 182
545 502
545 2295
545 2294
546 2297
546 795
546 2296
546 1260
546 2213
546 1718
547 2300
547 2299
547 871
547 2298
548 640
548 2304
548 2303
548 2302
548 1389
548 2301
549 2307
549 2306
549 441
549 871
549 2305
549 1328
550 2310
550 2309
550 2308
551 893
551 2314
551 2313
551 2312
551 2311
552 305
552 496
552 2315
552 95
552 421
552 53
553 98
553 2316
553 1285
554 2318
554 2317
555 2323
555 2322
555 2321
555 2320
555 2319
555 1142
556 138
556 29
556 1861
556 2326
556 2325
556 2324
557 44
557 648
557 1393
557 876
557 357
557 2327
558 2328
558 1370
558 370
558 118
558 492
558 217
558 342
558 1337
558 607
558 2284
558 1707
559 2330
559 1204
559 212
559 178
559 82
559 2329
559 575
560 2333
560 2332
560 1313
560 2151
560 268
560 2331
561 460
561 1481
561 2334
561 427
561 878
562 1326
562 2336
562 2335
562 1944
563 2338
563 799
563 2337
563 1465
563 1459
563 1092
563 1243
564 1446
564 874
564 62
564 1133
564 57
564 1516
564 812
565 516
565 722
565 960
565 21
566 2340
566 2339
567 2342
567 1235
567 2341
568 1223
568 2346
568 2345
568 2102
568 2344
568 1293
568 1527
568 292
568 148
568 2096
568 766
568 1629
568 731
568 866
568 2281
568 228
568 912
568 2343
569 2349
569 2348
569 2347
570 2353
570 2352
570 2351
570 2350
571 2357
571 2356
571 2355
571 2354
572 528
572 1002
572 527
572 1187
572 2358
573 1718
573 798
573 1210
573 2360
573 1993
573 2359
574 1417
574 358
574 120
574 1214
574 336
574 685
575 2362
575 2362
575 2143
575 2143
575 2361
575 2361
576 2365
576 2365
576 2364
576 2364
576 2363
576 2363
577 394
577 1632
577 1608
577 26
577 502
577 366
577 150
577 2366
578 2369
578 2368
578 2367
578 2150
579 1255
579 515
579 1152
579 2153
580 2371
580 2370
581 2337
581 587
581 2372
581 704
581 650
582 666
582 481
582 2373
583 433
583 138
583 156
583 1286
583 371
583 7
583 1632
583 341
583 497
584 1370
584 61
584 58
584 1340
584 666
584 641
584 16
585 2378
585 2377
585 2376
585 629
585 2375
585 226
585 2374
585 89
585 2039
586 2380
586 324
586 1783
586 2379
587 808
587 1092
587 1721
587 2382
587 1330
587 2381
587 572
588 2384
588 492
588 106
588 2383
588 99
588 304
589 151
589 658
589 530
589 578
589 957
589 2137
590 422
590 135
590 927
590 1577
590 1381
590 1859
591 157
591 2096
591 142
591 2385
592 2388
592 2387
592 2386
592 1028
593 2393
593 1402
593 1187
593 2392
593 891
593 2391
593 2390
593 894
593 2389
593 324
593 1164
593 901
593 1168
594 948
594 196
594 361
594 1176
594 63
594 359
594 495
594 2259
594 105
594 105
594 1861
594 1452
594 191
594 4
594 608
594 2394
594 484
594 832
594 415
594 1986
594 275
595 2403
595 2402
595 924
595 2401
595 712
595 2400
595 2399
595 617
595 494
595 610
595 2398
595 1337
595 493
595 2397
595 2394
595 2396
595 2235
595 1131
595 2395
596 1014
596 699
596 150
596 366
596 121
596 23
596 1317
597 2404
597 1167
597 1470
598 472
598 2407
598 2406
598 2405
599 877
599 1416
599 539
599 495
599 2408
599 657
599 912
599 809
599 1302
600 2411
600 440
600 1719
600 2410
600 2409
601 2413
601 772
601 1471
601 182
601 2412
602 321
602 864
602 2414
603 735
603 305
603 2415
603 243
603 240
603 348
603 645
603 223
603 1532
603 1675
604 703
604 119
604 63
604 753
604 2326
604 349
604 1387
604 230
604 54
604 2416
604 920
604 658
604 779
604 635
605 552
605 439
605 2417
605 148
606 71
606 44
606 563
606 140
606 635
606 578
606 2299
607 667
607 1944
607 1291
608 399
608 616
608 437
608 109
608 2418
609 2421
609 2420
609 2419
609 153
610 545
610 222
610 652
610 17
610 2424
610 2423
610 2422
611 2426
611 413
611 1463
611 576
611 1675
611 640
611 1260
611 574
611 2214
611 2425
611 571
611 570
612 2427
612 79
612 1675
612 704
613 2184
613 794
613 2337
613 827
613 2214
614 282
614 2430
614 222
614 1532
614 2373
614 1758
614 655
614 1362
614 739
614 1860
614 1012
614 78
614 1380
614 652
614 1244
614 2297
614 74
614 798
614 575
614 2429
614 18
614 2147
614 2428
615 2434
615 2433
615 2432
615 2431
616 2101
617 2436
617 2436
617 2435
617 2435
618 2440
618 2439
618 2438
618 2437
619 2441
619 2232
619 2103
619 1349
619 1230
620 26
620 135
620 497
620 134
620 746
620 112
620 113
621 136
621 2444
621 1014
621 501
621 2443
621 1446
621 354
621 1939
621 763
621 1012
621 2442
622 27
622 372
622 366
622 145
622 355
622 961
622 1381
622 94
622 1
622 175
622 1331
622 651
622 2297
622 16
623 756
623 716
623 2445
623 541
623 105
623 1362
624 1651
624 2392
624 2448
624 969
624 2447
624 2446
624 1041
624 2172
625 2451
625 2196
625 2450
625 2449
626 2454
626 2453
626 2452
627 743
627 2457
627 2141
627 703
627 254
627 397
627 2456
627 2455
628 2458
628 823
628 754
628 1142
628 2408
628 170
628 1331
628 1090
629 2460
629 500
629 634
629 1214
629 2459
630 2461
630 1295
630 1090
630 573
630 186
630 2302
630 738
630 2024
631 2464
631 2463
631 760
631 2462
632 1705
632 761
632 1772
632 2304
632 2465
633 1930
634 2468
634 2467
634 2466
635 2475
635 2474
635 1090
635 2473
635 570
635 2472
635 585
635 2471
635 871
635 744
635 2470
635 2469
636 409
636 497
636 241
636 821
636 489
636 2476
636 479
636 819
636 809
636 571
636 2425
637 428
637 366
637 356
637 370
637 1150
637 2445
637 1316
637 247
637 2385
637 814
637 1446
637 1789
637 102
637 2479
637 2478
637 2477
638 2480
639 1826
639 2482
639 2481
640 2485
640 572
640 2484
640 2483
640 573
641 16
641 1460
641 2428
641 694
642 2214
642 2487
642 441
642 2486
642 1295
643 2489
643 2488
643 789
644 1146
644 64
644 305
644 135
644 246
644 23
644 1141
644 2490
644 921
644 1606
644 706
644 1516
644 2281
645 2493
645 2492
645 2491
646 1129
646 2494
646 772
647 2020
647 2496
647 2495
648 2510
648 2509
648 2508
648 2507
648 559
648 2506
648 2505
648 2504
648 2503
648 2502
648 2501
648 2500
648 2499
648 2498
648 2497
648 1775
649 141
649 44
649 1318
649 821
649 88
650 2072
651 2513
651 2512
651 2511
651 278
651 2331
651 779
651 589
651 807
651 687
652 2515
652 2514
653 26
653 361
653 195
653 921
653 3
654 699
654 429
654 948
654 1789
654 872
655 550
655 2259
655 2011
655 1267
655 351
655 2516
656 138
656 397
656 252
656 153
656 1362
657 2458
657 525
657 438
657 127
657 712
658 2518
658 634
658 698
658 60
658 194
658 2517
658 1387
658 89
658 1252
658 84
658 914
658 530
659 1301
659 1299
659 2519
659 586
659 2424
660 756
660 1134
660 540
660 716
660 409
660 563
660 197
661 563
661 755
661 670
661 2520
661 193
661 243
661 821
661 217
661 2315
662 326
662 243
662 560
662 237
662 581
662 484
662 1
663 2424
663 1090
663 1926
663 2522
663 2304
663 781
663 2521
663 2423
664 2525
664 571
664 1295
664 1704
664 1703
664 2484
664 2524
664 2523
664 1674
665 2529
665 2528
665 2527
665 2526
666 515
666 600
666 379
666 430
666 139
666 869
666 1768
666 1858
667 710
667 2220
667 498
667 814
667 2516
667 874
667 2100
667 1133
667 105
667 493
667 786
667 867
667 106
667 304
667 1339
667 1337
667 488
667 1452
667 921
667 301
667 2532
667 179
667 270
667 751
667 169
667 947
667 1978
667 543
667 1508
667 1707
667 414
667 1860
667 2531
667 641
667 589
667 2530
667 1463
668 2535
668 735
668 2534
668 172
668 2533
668 1464
669 863
669 128
669 737
670 2538
670 327
670 362
670 685
670 2537
670 1257
670 2536
670 1379
670 18
671 1277
671 2100
671 112
671 2539
672 270
672 2542
672 2541
672 1313
672 811
672 730
672 1532
672 1835
672 403
672 2540
672 74
672 1243
673 2546
673 266
673 2545
673 2544
673 2543
673 2338
674 1366
674 1176
674 1446
674 306
674 4
674 1357
675 379
675 135
675 134
675 731
675 344
675 664
675 335
675 1358
675 595
676 97
676 2394
676 2280
676 228
676 952
676 479
676 2548
676 646
676 657
676 2547
676 635
677 2549
678 807
678 1706
678 2426
678 800
678 1675
678 2137
678 729
678 1260
678 2395
679 1370
679 698
679 492
680 269
680 850
680 82
680 1379
680 576
680 2331
681 1258
681 2029
681 347
681 834
682 546
682 502
682 839
682 1176
682 786
682 350
682 96
682 1387
682 102
682 94
682 415
682 1529
682 1262
682 228
682 681
682 169
682 86
682 2551
682 655
682 1354
682 744
682 957
682 2550
682 2410
682 679
683 1130
683 1390
683 745
683 2552
683 2552
683 79
683 1380
683 652
683 1330
683 18
683 2550
684 816
684 1390
684 644
684 474
684 2097
684 2086
684 1300
684 2553
685 2557
685 2557
685 2556
685 2556
685 1651
685 1651
685 2555
685 2555
685 2554
685 2554
685 2108
685 2108
686 2042
686 2561
686 2560
686 2559
686 2558
687 1417
687 394
687 716
687 540
687 372
687 135
687 417
687 2563
687 2562
687 265
688 2564
688 574
688 2146
688 1389
688 2359
688 200
689 151
689 804
689 1836
689 549
689 548
690 1255
690 40
690 728
690 1578
690 855
690 514
690 123
690 736
691 1376
691 2137
691 2522
691 2423
691 2565
692 1752
692 278
692 687
692 2087
692 589
693 2569
693 2568
693 2567
693 2566
694 1152
694 125
694 383
694 256
694 2571
694 370
694 764
694 2570
695 1049
695 326
695 169
695 20
696 332
696 2572
696 30
696 1049
696 767
696 705
697 2576
697 2575
697 2515
697 2574
697 2573
698 2578
698 2577
699 739
699 1706
699 18
700 1257
700 819
700 1773
700 1261
701 191
701 2532
701 1266
701 1941
701 92
701 1939
701 1755
702 797
702 1508
702 2579
703 2582
703 569
703 2581
703 2580
703 1288
704 2586
704 783
704 2585
704 2584
704 2583
704 807
704 574
704 2302
704 1210
705 156
705 397
705 138
705 642
705 822
705 135
705 135
705 416
705 961
705 716
705 2587
705 786
705 812
706 1049
706 2518
706 247
706 591
706 105
706 341
706 96
706 1360
706 94
707 395
707 1267
707 2588
707 1292
707 1100
707 2516
707 1452
708 1631
708 1146
708 211
708 1013
708 1200
709 2590
709 2589
709 1393
709 437
709 1337
709 614
709 55
710 2591
710 2205
710 14
710 1581
710 1315
711 923
711 149
711 1947
711 133
712 2592
713 576
713 2593
713 1976
713 946
714 423
714 616
714 437
714 1148
714 429
714 368
714 1533
714 364
714 2595
714 2594
714 408
715 1049
715 1631
715 366
715 2518
715 196
715 58
715 1387
715 142
715 1361
715 764
715 2039
715 682
715 2119
715 2459
715 2597
715 796
715 474
715 578
715 2596
715 1460
716 395
716 135
716 1527
716 242
716 244
716 1977
716 2373
717 2599
717 2086
717 652
717 2598
717 781
718 119
718 1367
718 2292
718 2028
718 2595
718 2600
719 292
719 1942
719 696
720 1315
720 106
720 912
720 1353
720 2601
721 395
721 1014
721 2603
721 789
721 136
721 922
721 1277
721 7
721 502
721 1214
721 1417
721 617
721 2602
722 1261
722 646
722 739
723 2292
723 2605
723 538
723 1268
723 217
723 706
723 952
723 2604
723 2478
724 1049
724 2518
724 2220
724 501
724 498
724 241
724 134
724 244
724 493
724 2606
724 106
724 347
724 645
724 231
724 88
724 912
725 2608
725 2607
726 115
726 217
726 1263
726 2609
726 1155
726 1937
726 595
727 2614
727 428
727 789
727 2613
727 735
727 498
727 714
727 2612
727 59
727 2611
727 1387
727 2610
728 2615
728 1257
728 765
728 1383
728 1751
729 2552
729 2552
729 1379
729 651
729 2616
729 1675
729 595
729 595
729 275
729 2474
730 1529
730 1986
731 850
731 333
731 2553
731 18
731 2550
732 1014
732 540
732 1581
732 948
732 1278
732 670
732 2552
732 18
732 17
733 153
733 157
733 2286
733 1447
733 489
733 487
733 485
733 1577
734 743
734 2618
734 2617
735 394
735 591
735 492
735 2260
735 2539
736 616
736 732
736 661
736 2619
736 603
737 500
737 1143
737 121
737 670
737 631
737 714
737 2490
737 708
737 307
737 111
737 2622
737 290
737 2621
737 2383
737 1276
737 144
737 1606
737 1946
737 490
737 2537
737 667
737 731
737 1336
737 2281
737 1605
737 1381
737 2620
737 706
737 1303
737 415
738 75
738 1249
738 2623
738 680
738 2410
739 2518
739 1366
739 63
739 233
740 789
740 1277
740 1858
740 1147
740 498
740 1388
740 424
741 1631
741 710
741 1214
741 1317
741 634
741 2624
741 2220
741 409
741 632
741 498
741 1316
741 117
742 703
742 519
742 2625
742 1566
743 2629
743 2628
743 2627
743 2626
744 2631
744 2630
745 666
745 832
745 831
745 1508
746 877
746 1258
746 2624
746 115
746 811
746 2633
746 2632
747 2636
747 2635
747 819
747 818
747 2634
747 2235
748 258
748 728
748 120
748 471
748 2637
749 1579
749 1936
749 2638
749 745
749 474
749 1291
749 1290
749 1993
750 1277
750 2640
750 2639
750 2603
750 789
750 2219
751 2641
751 2620
751 872
752 2645
752 1716
752 1558
752 2644
752 2643
752 2642
753 1858
753 1252
753 2546
753 1274
754 1014
754 710
754 493
754 1339
754 341
754 2373
754 2479
755 668
755 591
755 23
755 351
756 877
756 1079
756 2607
756 1048
756 1342
757 2646
757 339
757 411
757 649
758 2648
758 2647
758 1316
758 873
759 7
759 27
759 1417
759 409
759 356
759 119
759 355
759 145
759 698
759 2658
759 668
759 2657
759 874
759 2656
759 60
759 2655
759 2654
759 610
759 2153
759 548
759 596
759 482
759 2653
759 2652
759 1566
759 2651
759 2650
759 2649
760 2635
760 1318
760 1367
760 55
760 543
761 2538
761 1384
761 493
761 2659
761 633
761 2029
761 948
761 1526
761 1832
761 1671
761 1612
761 2611
762 1049
762 2635
762 541
762 1176
762 2300
762 1722
762 1446
762 766
763 1385
763 240
763 2096
763 239
763 1447
763 534
763 1176
763 633
763 766
763 2153
764 2663
764 2662
764 2328
764 1776
764 2661
764 2660
765 1446
765 1292
765 307
765 2664
766 473
766 410
766 1341
766 2665
766 2427
767 2668
767 2667
767 2666
767 1295
767 1295
767 2412
767 744
767 185
768 2669
768 549
768 2152
769 2538
769 839
769 500
769 540
769 1174
770 1301
770 1299
770 1298
770 587
770 2671
770 1260
770 2670
771 1298
771 795
771 595
771 1706
771 2137
772 797
772 2546
772 745
772 2672
773 2673
773 2282
773 501
773 306
774 2674
774 1277
774 1533
774 633
774 714
774 2417
774 203
775 2670
775 640
775 1718
775 1294
775 2675
776 2678
776 2677
776 1072
776 2676
776 1067
777 1329
777 2680
777 2679
777 2412
778 2683
778 2303
778 2682
778 2024
778 2681
778 2675
779 1134
779 1947
779 1200
779 540
779 96
780 254
780 1277
780 922
780 598
780 499
780 686
781 1369
781 1293
781 502
781 613
781 2399
781 617
781 416
781 535
781 2150
781 591
781 307
781 1531
781 2686
781 2685
781 106
781 55
781 408
781 2684
781 266
781 589
781 275
781 2360
782 2623
782 2410
782 1702
782 2687
782 2422
783 2690
783 2689
783 2688
784 2691
784 802
784 569
784 2146
784 2359
784 564
785 2692
785 2487
785 2680
785 2679
785 452
786 2699
786 2698
786 2219
786 409
786 2096
786 2640
786 2602
786 591
786 2697
786 1397
786 2696
786 2654
786 2695
786 834
786 804
786 2694
786 2693
786 549
787 1361
787 55
787 1942
787 595
788 2282
788 2700
788 424
788 546
788 396
788 698
788 2153
788 341
788 655
789 2701
789 1496
789 395
789 248
789 2218
789 2416
789 947
789 681
789 2551
789 1859
789 2429
789 1376
790 1278
790 415
790 1756
790 1529
791 789
791 211
791 429
791 1143
791 63
792 788
792 735
793 2424
793 802
793 1329
793 569
793 2428
794 2705
794 2704
794 2703
794 2702
795 2097
795 2708
795 413
795 1464
795 2707
795 2706
796 1244
796 800
796 2712
796 2711
796 2411
796 1210
796 2530
796 1675
796 762
796 1260
796 951
796 2137
796 1297
796 2710
796 200
796 2709
797 738
797 2306
797 2471
797 200
797 2713
797 744
798 2424
798 1376
798 1705
798 695
798 1295
798 1295
798 1993
799 81
799 1926
799 585
799 81
800 1295
800 1296
800 1719
800 761
800 2303
801 1785
801 2716
801 2715
801 2714
802 2720
802 2719
802 2718
802 2717
803 2722
803 184
803 1022
803 2721
804 2727
804 2726
804 2725
804 2724
804 2723
805 274
805 272
805 118
805 596
806 2731
806 2730
806 2729
806 2728
807 2734
807 2733
807 206
807 2732
808 2348
808 2738
808 2737
808 2736
808 1954
808 2735
808 1434
809 2741
809 2740
809 2739
810 795
810 946
811 2744
811 2743
811 2742
812 2749
812 2748
812 2747
812 2746
812 2745
813 2750
814 2752
814 1209
814 1107
814 2751
815 2109
815 2114
815 2754
815 2753
816 2064
816 2756
816 2755
817 2758
817 2757
818 2762
818 2761
818 2760
818 2759
819 872
819 2418
819 914
819 222
819 201
820 2763
820 75
820 807
820 2596
820 1243
820 570
820 2428
821 2767
821 2766
821 2765
821 2764
822 2771
822 2770
822 2769
822 2768
822 338
823 2775
823 2774
823 2773
823 2772
824 2778
824 2777
824 2776
825 295
825 1169
825 2783
825 2782
825 2781
825 2780
825 2779
826 1028
826 1653
826 1963
826 1164
826 206
827 2223
827 2784
827 2673
827 1801
827 1593
828 2786
828 2785
828 1496
829 2789
829 2788
829 2223
829 2787
830 2791
830 2739
830 2790
831 2794
831 2793
831 2106
831 2792
832 610
832 803
832 1131
833 2798
833 2797
833 2796
833 2795
834 2800
834 2799
835 2803
835 2802
835 1747
835 2801
836 2805
836 2804
837 2809
837 2808
837 2064
837 2807
837 2806
838 2414
838 2810
838 469
839 2812
839 2811
840 2814
840 2813
841 2808
841 2816
841 2815
841 2508
841 2216
842 2216
842 2819
842 2818
842 2817
843 2820
844 2823
844 2822
844 2821
845 2754
845 2754
845 2767
845 2767
845 2824
845 2824
846 2828
846 2827
846 2826
846 2825
847 2793
847 2833
847 2832
847 2831
847 1553
847 2830
847 1437
847 2829
848 2835
848 2834
849 2839
849 2838
849 2837
849 2836
850 2844
850 2843
850 2842
850 2841
850 2840
851 2848
851 2847
851 1002
851 2846
851 2845
852 2582
852 1993
852 2471
853 2852
853 2851
853 2850
853 2849
854 2854
854 2853
854 2271
855 2856
855 2855
855 1811
855 1814
856 65
856 136
856 2220
856 541
856 121
856 417
856 1315
856 1447
856 669
856 766
856 746
856 498
856 1364
856 2684
856 2857
857 2859
857 2858
857 1422
858 2862
858 2861
858 2860
859 2866
859 2865
859 2864
859 2863
860 2247
860 2247
860 2867
860 2867
861 2564
861 2564
862 2869
862 2868
863 2873
863 2872
863 2871
863 2870
864 2115
864 2140
864 2874
864 1687
865 2879
865 2878
865 2877
865 2876
865 2875
866 2880
867 2882
867 692
867 925
867 2881
868 2884
868 1364
868 2883
869 1907
869 2885
870 557
871 2889
871 2888
871 2887
871 2886
871 1829
872 2891
872 2890
873 2892
874 1209
874 2895
874 2894
874 2893
875 2899
875 2898
875 1729
875 2897
875 2896
876 2901
876 2900
877 1574
877 2903
877 2902
877 555
878 2216
878 2905
878 496
878 2904
879 2907
879 2906
880 1325
880 2910
880 2909
880 2908
881 2914
881 2913
881 2912
881 2911
882 2917
882 1129
882 2916
882 2915
883 2920
883 2919
883 2918
883 2125
884 2484
884 2299
884 2465
884 2681
885 2387
885 2924
885 2923
885 1749
885 2922
885 2921
886 206
886 964
886 2926
886 2925
886 2735
887 2929
887 2928
887 2927
888 565
889 2932
889 2432
889 2931
889 2930
890 677
890 2935
890 528
890 2934
890 2933
891 993
891 993
892 2937
892 2936
892 2285
892 2695
893 2938
894 2939
895 1045
895 2942
895 427
895 1209
895 2941
895 2940
896 333
896 744
896 74
896 1721
896 575
896 1328
897 2946
897 892
897 2204
897 2945
897 2944
897 2943
898 2950
898 2949
898 2948
898 2947
899 1307
899 2951
900 1353
900 827
900 640
900 574
900 2410
901 2953
901 455
901 2423
901 744
901 53
901 2024
901 2952
902 589
902 2711
902 2666
902 1295
903 2078
903 2956
903 1908
903 2955
903 2954
904 2957
904 2202
904 1041
904 1187
904 1471
904 1434
905 2958
905 2958
905 2958
906 1116
906 2964
906 2963
906 1007
906 2962
906 2961
906 2960
906 2959
907 2966
907 2965
908 2969
908 2968
908 985
908 2967
909 1886
909 2946
909 2971
909 2203
909 2970
910 2448
910 1187
910 1886
910 2974
910 2973
910 2972
911 2977
911 2976
911 2975
912 2979
912 2979
912 2978
912 2978
913 1011
913 2981
913 2980
914 2170
914 1168
914 2983
914 2982
914 2345
915 2988
915 2987
915 2986
915 2985
915 2984
916 2991
916 2990
916 2989
917 2994
917 2993
917 2992
918 2995
918 2995
918 2875
918 2875
918 923
918 923
919 2998
919 2997
919 1118
919 2996
920 2676
920 1069
920 3000
920 2999
921 3001
921 3001
922 3004
922 3003
922 3002
923 3007
923 3006
923 3005
924 3007
924 3006
924 3010
924 3009
924 3008
925 3015
925 3014
925 3010
925 3013
925 3012
925 3011
926 3019
926 3018
926 3017
926 3016
926 381
927 2268
927 3020
928 2935
928 3021
929 614
929 2518
929 1315
929 1360
930 1073
930 3023
930 2677
930 3022
930 2413
931 52
931 51
931 1001
931 3025
931 2447
931 3024
932 3028
932 3027
932 3026
933 3030
933 314
933 3029
934 3031
934 2264
934 912
935 3038
935 3037
935 3036
935 3035
935 3034
935 3033
935 3032
935 1100
936 3040
936 3039
936 1407
937 3042
937 1114
937 3041
938 3044
938 164
938 3043
939 3047
939 3046
939 3045
940 2267
940 3049
940 2981
940 3048
941 2801
941 2661
941 3051
941 3050
942 3052
942 440
942 1675
942 2550
943 2704
943 2781
943 1564
943 3053
944 3054
944 528
944 1187
944 527
944 2111
945 3055
946 1752
946 810
946 3056
947 3057
948 790
948 3060
948 3059
948 3058
949 3067
949 1623
949 2780
949 3066
949 3065
949 3064
949 3063
949 3062
949 3061
950 2017
950 3071
950 3070
950 3069
950 3068
951 3072
951 3072
951 1187
951 1187
951 904
951 904
951 2202
951 2202
952 3071
952 3077
952 3076
952 3075
952 3074
952 3073
953 3082
953 3081
953 3080
953 3079
953 3078
954 3083
954 3083
954 2469
954 2469
955 1102
955 3087
955 3086
955 3085
955 3084
956 3090
956 3089
956 3088
956 2023
957 1653
957 2088
957 3092
957 3091
958 3093
958 599
958 397
958 368
958 138
958 394
958 755
958 1292
958 2461
959 1893
959 3096
959 3095
959 1788
959 3094
959 584
959 1885
960 3102
960 3101
960 3100
960 3099
960 3098
960 3097
961 432
961 3103
961 65
961 710
961 786
961 664
961 174
962 583
962 823
962 157
962 194
963 3105
963 3105
963 3105
963 3104
963 3104
963 3104
964 3108
964 3107
964 3106
964 166
964 2778
965 3111
965 3110
965 3109
965 413
965 186
965 781
965 1329
965 185
966 3115
966 1656
966 3114
966 206
966 2181
966 1352
966 2507
966 3113
966 3112
967 2572
967 381
967 126
967 701
967 36
967 691
967 506
967 717
967 627
967 509
967 700
967 310
967 386
967 379
967 309
967 757
967 3118
967 3117
967 382
967 32
967 212
967 869
967 139
967 376
967 66
967 592
967 1385
967 397
967 648
967 370
967 367
967 1146
967 394
967 1384
967 501
967 540
967 2417
967 2292
967 305
967 496
967 1446
967 766
967 631
967 1341
967 494
967 874
967 1292
967 306
967 109
967 307
967 111
967 488
967 2281
967 2620
967 56
967 689
967 481
967 663
967 3116
968 258
968 164
968 212
968 137
968 876
968 3119
969 3126
969 3125
969 3124
969 3123
969 3122
969 2013
969 840
969 3121
969 3120
970 383
970 212
970 546
970 150
970 480
971 1480
971 1187
971 3129
971 3128
971 3127
972 841
972 3131
972 3130
972 136
972 1318
972 252
972 151
972 1338
973 3136
973 3135
973 3134
973 3133
973 3132
974 1307
974 1246
974 402
974 44
974 127
974 383
974 129
974 379
974 732
974 1385
974 616
974 376
974 1143
974 1947
974 670
974 61
974 597
974 110
974 453
974 833
974 1941
974 1380
974 739
974 2553
975 1788
975 3137
975 129
975 525
975 524
976 1152
976 433
976 212
976 65
977 855
977 3141
977 255
977 21
977 428
977 253
977 1768
977 273
977 1417
977 370
977 2590
977 198
977 1286
977 874
977 546
977 548
977 231
977 3140
977 4
977 3139
977 3138
977 811
977 263
977 2214
978 510
978 1517
978 358
978 1774
978 152
978 21
978 337
978 23
978 1132
978 2479
978 2284
978 782
979 3148
979 3147
979 3146
979 3145
979 3144
979 3143
979 3142
979 105
980 12
980 70
980 512
980 314
980 434
980 1151
981 3154
981 3153
981 3152
981 3151
981 3150
981 3149
982 212
982 212
982 685
982 2028
982 55
983 2138
983 572
983 2303
983 2623
983 2021
984 438
984 2597
984 740
984 635
984 1380
985 1370
985 394
985 839
985 337
985 1200
985 64
985 409
985 767
985 837
985 1581
985 119
985 1947
985 2028
985 755
985 875
985 1365
985 227
985 1784
985 1447
985 633
985 2011
985 1142
985 292
985 766
985 874
985 1141
985 3159
985 349
985 107
985 343
985 5
985 1362
985 56
985 303
985 344
985 3158
985 3157
985 3156
985 952
985 3155
985 681
985 989
985 174
985 84
985 730
985 221
985 170
985 1707
985 530
985 277
985 641
985 2562
985 651
985 1376
986 643
986 127
986 438
986 3160
986 599
987 444
987 3165
987 3164
987 3163
987 3162
987 3161
987 1613
988 1578
988 315
988 717
988 375
988 3015
988 256
988 732
988 328
988 329
988 373
988 397
988 1144
988 211
988 1200
988 591
988 255
988 2385
988 429
988 2665
988 1531
988 1357
988 2327
988 84
988 2418
988 88
988 989
988 1301
988 2134
989 1578
989 916
989 125
989 717
989 123
989 33
989 732
989 140
989 160
989 139
989 1134
989 540
989 534
989 1176
989 2622
989 2519
990 3166
990 402
990 41
990 44
990 699
990 500
990 1366
990 1832
991 130
991 71
991 703
991 522
991 432
991 949
991 875
991 24
991 1387
991 1257
991 797
991 3167
991 1130
991 1835
991 333
991 75
991 76
991 2565
992 2603
992 837
992 2640
992 3168
993 126
993 28
993 3170
993 838
993 1768
993 1385
993 121
993 1176
993 364
993 2155
993 494
993 752
993 1566
993 2151
993 3169
994 528
994 2944
994 30
994 362
994 497
994 688
995 600
995 514
995 437
995 753
995 325
995 174
996 2340
996 3174
996 3173
996 3172
996 3171
997 3175
997 429
997 2445
997 1317
997 60
997 341
997 805
998 162
998 382
998 869
998 67
998 1304
998 256
998 396
998 66
998 767
998 2532
998 267
998 265
998 744
998 829
998 2213
998 533
998 873
999 600
999 1578
999 732
999 1279
999 685
999 2218
999 591
999 3176
999 1755
1000 675
1000 3179
1000 3178
1000 3177
1000 15
1000 56
1001 2508
1001 3181
1001 1728
1001 3180
1002 3184
1002 3184
1002 3183
1002 3182
1003 855
1003 339
1003 164
1003 506
1003 373
1003 153
1003 152
1003 369
1003 356
1003 252
1003 248
1003 2415
1003 347
1003 489
1003 853
1003 477
1004 161
1004 352
1004 646
1005 599
1005 713
1005 259
1005 726
1005 164
1005 410
1005 388
1005 387
1005 126
1005 722
1005 158
1005 30
1005 1146
1005 1146
1005 1146
1005 1013
1005 1013
1005 1013
1005 3186
1005 3186
1005 3186
1005 3185
1005 3185
1005 3185
1005 291
1005 291
1005 291
1005 921
1005 921
1005 921
1005 689
1005 689
1005 689
1005 54
1005 54
1005 54
1005 21
1005 21
1005 21
1005 223
1005 223
1005 223
1006 3189
1006 2595
1006 715
1006 786
1006 453
1006 765
1006 827
1006 3188
1006 3187
1007 546
1007 685
1007 134
1007 1416
1007 2563
1007 57
1007 1336
1007 2281
1007 55
1007 813
1007 285
1007 2675
1008 2232
1008 3191
1008 2793
1008 3190
1008 274
1008 1049
1008 763
1008 224
1009 260
1009 3192
1009 1380
1009 1330
1010 438
1010 317
1010 522
1010 734
1011 3193
1011 2187
1011 1578
1011 107
1011 1332
1012 241
1012 243
1012 135
1012 177
1012 91
1013 2336
1013 955
1013 10
1013 1115
1013 600
1014 639
1014 824
1014 45
1014 68
1014 129
1014 136
1014 217
1014 866
1014 1289
1014 2522
1014 680
1015 954
1015 508
1015 165
1015 3197
1015 722
1015 418
1015 309
1015 159
1015 620
1015 158
1015 626
1015 308
1015 533
1015 504
1015 256
1015 30
1015 869
1015 471
1015 592
1015 373
1015 503
1015 64
1015 1317
1015 780
1015 353
1015 59
1015 217
1015 304
1015 3196
1015 1337
1015 803
1015 831
1015 480
1015 580
1015 812
1015 2478
1015 80
1015 3195
1015 3194
1015 957
1015 577
1015 805
1016 954
1016 471
1016 2029
1016 154
1016 241
1016 344
1016 706
1017 954
1017 341
1017 479
1017 1265
1017 2547
1017 1751
1017 475
1017 796
1017 801
1018 3200
1018 600
1018 923
1018 841
1018 508
1018 405
1018 726
1018 67
1018 31
1018 140
1018 139
1018 437
1018 2263
1018 364
1018 2537
1018 873
1018 3199
1018 3198
1018 2327
1018 644
1018 1331
1018 2543
1018 1465
1018 1376
1019 212
1019 372
1019 156
1019 138
1019 106
1020 127
1020 11
1020 397
1020 146
1020 2316
1020 2430
1021 3201
1021 1326
1021 1152
1021 257
1021 140
1021 736
1021 64
1021 872
1022 11
1022 621
1022 541
1022 61
1022 1832
1023 11
1023 454
1023 736
1023 710
1023 658
1023 3167
1023 635
1023 75
1024 399
1024 139
1024 1317
1024 948
1024 111
1024 853
1024 56
1024 665
1024 3202
1024 2551
1024 912
1024 277
1024 651
1025 954
1025 758
1025 258
1025 991
1025 3204
1025 274
1025 381
1025 389
1025 3203
1025 840
1026 758
1026 869
1026 424
1026 29
1026 199
1026 1388
1026 788
1026 591
1026 2611
1026 2610
1027 3205
1027 643
1027 760
1027 591
1028 713
1028 706
1028 484
1028 2620
1028 1155
1028 1303
1028 415
1028 1605
1028 1356
1028 764
1028 580
1028 2099
1028 2541
1028 3206
1028 2284
1028 1978
1028 2564
1028 1259
1029 1230
1029 130
1029 3207
1029 732
1029 2610
1029 2579
1030 760
1030 519
1030 524
1030 40
1030 129
1030 405
1030 125
1031 215
1031 402
1031 45
1031 759
1031 506
1031 136
1031 3185
1032 3209
1032 274
1032 381
1032 3208
1032 621
1032 212
1032 437
1032 329
1032 428
1032 2399
1032 26
1032 1315
1032 61
1032 631
1032 1836
1032 2686
1032 1257
1032 2397
1032 2532
1032 2684
1032 604
1032 266
1032 1752
1032 2597
1032 1579
1032 2331
1032 3195
1033 3214
1033 3213
1033 3212
1033 3211
1033 3210
1034 476
1034 3215
1034 575
1035 931
1035 3217
1035 3216
1035 149
1035 3188
1035 1090
1036 3218
1036 2261
1036 1462
1036 2360
1036 1294
1037 582
1037 195
1037 817
1037 819
1037 750
1038 627
1038 626
1038 504
1038 26
1038 197
1038 1673
1038 1013
1038 493
1038 630
1038 3219
1038 106
1038 2641
1038 481
1038 188
1038 695
1038 564
1039 3223
1039 439
1039 1255
1039 3222
1039 3221
1039 380
1039 399
1039 3220
1039 869
1039 255
1039 1277
1039 1393
1039 1143
1039 1416
1039 24
1039 292
1039 591
1039 1141
1039 238
1039 488
1039 489
1039 485
1040 792
1040 3225
1040 41
1040 72
1040 747
1040 702
1040 35
1040 701
1040 3224
1040 623
1040 489
1040 484
1041 228
1041 3226
1042 3232
1042 3231
1042 3230
1042 3229
1042 3228
1042 3227
1043 2203
1043 1481
1043 324
1043 3235
1043 3234
1043 3233
1043 2187
1044 1328
1044 2706
1044 720
1044 3236
1044 2021
1045 3240
1045 3239
1045 3238
1045 1905
1045 3237
1046 1006
1046 2946
1046 3243
1046 3242
1046 3241
1047 3247
1047 3246
1047 3245
1047 3244
1048 3248
1048 1998
1049 3250
1049 3249
1050 3253
1050 3252
1050 3251
1051 1931
1051 3254
1051 561
1051 1321
1052 3256
1052 324
1052 3255
1053 3257
1054 2758
1054 1520
1054 3259
1054 3258
1054 239
1055 3261
1055 3260
1055 3014
1056 3264
1056 3263
1056 3262
1057 3265
1057 2146
1057 1295
1057 679
1058 3270
1058 3269
1058 3268
1058 3267
1058 3266
1059 3272
1059 3271
1060 3276
1060 3275
1060 3274
1060 3273
1060 3267
1061 3279
1061 3278
1061 3277
1061 395
1061 371
1061 254
1062 3281
1062 3280
1063 2342
1063 2983
1063 3283
1063 1653
1063 3282
1064 3202
1064 2545
1064 282
1064 1758
1064 1131
1064 279
1064 1390
1064 3109
1065 3285
1065 3284
1066 1800
1066 496
1066 874
1066 99
1067 761
1067 1703
1067 2303
1067 3288
1067 2472
1067 3287
1067 3286
1068 1314
1068 1387
1068 3289
1068 178
1069 1462
1069 640
1069 2582
1069 2483
1069 2425
1069 571
1070 2105
1070 3292
1070 3291
1070 3290
1071 3296
1071 3295
1071 3294
1071 3293
1072 3299
1072 3298
1072 3297
1073 3301
1073 3005
1073 3300
1074 3302
1075 3307
1075 3306
1075 3305
1075 3304
1075 3303
1076 2685
1076 3140
1076 3308
1076 2651
1076 3111
1077 3313
1077 3312
1077 1901
1077 3311
1077 3310
1077 3309
1078 2386
1078 3315
1078 2957
1078 1471
1078 3314
1079 3318
1079 3317
1079 3316
1080 3322
1080 3321
1080 3320
1080 3319
1081 3326
1081 3325
1081 3324
1081 3323
1082 535
1082 148
1082 764
1082 2548
1083 650
1083 946
1083 2306
1083 2470
1083 3327
1084 3331
1084 3330
1084 3329
1084 1521
1084 3328
1085 274
1085 3332
1085 471
1085 364
1085 147
1085 2384
1085 483
1085 2537
1085 277
1085 1245
1085 201
1085 957
1085 807
1085 1260
1086 3334
1086 2676
1086 3333
1087 3335
1088 553
1088 553
1088 1324
1088 1324
1089 3315
1089 2957
1089 1471
1089 3338
1089 3337
1089 3336
1090 3339
1090 2267
1091 1623
1091 3340
1091 1682
1092 1563
1092 2224
1092 3342
1092 3341
1093 1221
1093 1714
1093 3345
1093 3344
1093 3343
1094 3347
1094 3346
1094 206
1094 2732
1095 3322
1095 3351
1095 3350
1095 3320
1095 3349
1095 3348
1095 3319
1096 1426
1096 3356
1096 3355
1096 3354
1096 3353
1096 3352
1097 3358
1097 3357
1097 1768
1097 1385
1097 2219
1097 1277
1097 699
1097 1147
1097 1148
1097 502
1097 1631
1098 3360
1098 3359
1099 3361
1100 3363
1100 320
1100 3362
1101 3365
1101 3364
1102 3368
1102 3367
1102 3366
1103 3369
1103 378
1103 3130
1103 2218
1104 1146
1104 138
1104 1014
1104 429
1104 716
1104 1368
1104 1367
1104 1533
1104 1784
1104 948
1104 24
1104 1175
1104 1263
1104 953
1104 2373
1104 579
1104 810
1104 79
1105 370
1105 1257
1105 1979
1105 1773
1105 745
1105 740
1106 536
1106 837
1106 685
1106 326
1106 1100
1107 10
1107 760
1107 368
1107 373
1107 1388
1107 540
1107 734
1107 2427
1108 106
1108 106
1108 2280
1108 2280
1108 947
1108 947
1108 2511
1108 2511
1108 279
1108 279
1108 696
1108 696
1108 2582
1108 2582
1109 1153
1109 213
1109 1533
1109 364
1109 26
1109 1338
1109 1295
1110 1115
1110 11
1110 759
1110 69
1110 217
1110 396
1110 3370
1110 912
1111 3372
1111 1255
1111 260
1111 1151
1111 311
1111 39
1111 3371
1112 3377
1112 3376
1112 3375
1112 3374
1112 3373
1112 3185
1113 501
1113 2541
1113 1508
1113 730
1113 282
1113 1445
1113 82
1113 1579
1113 281
1113 655
1113 276
1113 696
1113 279
1113 1298
1113 589
1113 783
1113 1260
1113 1297
1113 595
1113 3378
1113 2683
1114 3380
1114 1480
1114 460
1114 1129
1114 772
1114 3379
1115 254
1115 535
1115 2490
1115 1212
1115 494
1115 1141
1115 2516
1115 1292
1115 304
1115 488
1115 809
1116 3382
1116 3382
1116 725
1116 725
1116 258
1116 258
1116 991
1116 991
1116 433
1116 433
1116 506
1116 506
1116 717
1116 717
1116 379
1116 379
1116 624
1116 624
1116 256
1116 256
1116 199
1116 199
1116 374
1116 374
1116 328
1116 328
1116 1527
1116 1527
1116 3381
1116 3381
1117 2510
1117 3385
1117 1027
1117 3384
1117 2986
1117 1373
1117 3383
1118 3389
1118 3388
1118 3387
1118 3386
1119 3390
1119 1385
1119 699
1119 1858
1119 1148
1119 681
1119 813
1119 189
1119 421
1119 2708
1119 1993
1120 732
1120 28
1120 375
1120 311
1120 330
1120 27
1120 1533
1120 471
1120 337
1120 145
1120 1366
1120 367
1120 366
1120 198
1120 1144
1120 1396
1120 345
1120 2456
1120 85
1120 20
1120 281
1120 2430
1120 850
1120 623
1120 336
1120 1142
1120 357
1121 39
1121 1276
1121 1293
1122 923
1122 328
1122 756
1122 2096
1122 115
1122 230
1122 1751
1122 170
1122 1330
1122 1703
1123 678
1123 552
1123 3391
1124 3401
1124 3400
1124 3399
1124 3398
1124 3397
1124 3396
1124 3395
1124 3394
1124 3393
1124 3392
1124 2087
1125 3414
1125 3413
1125 3412
1125 3411
1125 3410
1125 3409
1125 3408
1125 3407
1125 3406
1125 1101
1125 3405
1125 194
1125 3404
1125 1645
1125 1099
1125 3403
1125 3402
1125 3249
1126 273
1126 541
1126 140
1126 651
1126 77
1127 3415
1127 1148
1127 429
1127 211
1127 838
1127 2613
1127 2417
1127 3168
1127 625
1127 672
1127 2300
1127 1366
1128 953
1128 491
1128 294
1128 1263
1128 103
1128 1339
1128 1337
1128 2153
1128 3419
1128 1336
1128 1252
1128 803
1128 1944
1128 2610
1128 2604
1128 661
1128 1940
1128 222
1128 172
1128 3418
1128 3417
1128 1986
1128 189
1128 1302
1128 2536
1128 655
1128 333
1128 3109
1128 2329
1128 74
1128 1703
1128 781
1128 805
1128 3187
1128 1702
1128 1925
1128 3416
1129 1836
1129 3140
1129 89
1129 1977
1130 3420
1130 2530
1130 571
1130 2425
1131 2042
1131 3422
1131 3421
1132 3428
1132 3427
1132 3426
1132 3425
1132 3424
1132 3423
1133 1066
1133 3431
1133 3430
1133 3429
1134 1548
1134 2116
1134 3433
1134 1829
1134 3432
1135 3434
1135 2070
1136 2555
1136 905
1136 3437
1136 1187
1136 1088
1136 3436
1136 3435
1137 1329
1137 871
1137 2565
1137 2422
1137 3236
1137 1833
1138 1973
1138 2668
1138 2667
1138 3439
1138 3438
1139 3442
1139 3441
1139 3440
1140 2719
1140 3445
1140 3444
1140 3443
1141 3448
1141 3447
1141 3446
1142 1385
1142 1947
1142 821
1142 2615
1142 687
1143 3452
1143 3451
1143 3450
1143 3449
1144 3455
1144 1642
1144 3454
1144 3453
1144 2285
1145 3456
1146 3459
1146 3458
1146 3457
1147 2988
1147 3461
1147 3460
1148 2103
1148 2106
1148 3462
1148 2673
1149 3465
1149 3464
1149 3463
1149 282
1150 1015
1151 3467
1151 3467
1151 3466
1151 3466
1152 3468
1153 3470
1153 3469
1153 1489
1154 1129
1154 1472
1154 3472
1154 3471
1154 1651
1154 324
1155 3474
1155 3473
1156 3476
1156 3475
1157 136
1157 3478
1157 546
1157 3477
1157 684
1158 372
1158 368
1158 1947
1158 2490
1158 1267
1158 2537
1158 57
1158 644
1159 2242
1160 3481
1160 2873
1160 2735
1160 3480
1160 527
1160 3479
1161 1014
1161 2639
1161 136
1161 429
1162 2078
1162 3483
1162 3482
1163 152
1163 153
1163 3484
1163 239
1163 355
1163 22
1163 3159
1164 1653
1164 1963
1164 1087
1164 2982
1164 3330
1164 3486
1164 3485
1164 1063
1165 557
1166 1434
1166 3488
1166 2404
1166 3487
1167 3489
1167 1860
1167 2531
1167 744
1167 589
1167 2138
1167 2184
1167 265
1167 783
1168 3494
1168 3493
1168 3492
1168 3491
1168 3490
1169 3497
1169 3496
1169 2213
1169 3495
1169 695
1170 3499
1170 3499
1170 3499
1170 3498
1170 3498
1170 3498
1171 789
1171 1858
1171 1049
1171 1253
1171 2518
1171 838
1171 409
1171 2219
1171 617
1171 2640
1171 2605
1171 336
1171 755
1171 686
1171 538
1171 1212
1171 560
1171 3500
1171 2657
1172 2245
1172 2245
1172 2279
1172 2279
1173 1579
1173 3195
1173 277
1173 2708
1173 3501
1174 2103
1174 3504
1174 2888
1174 3503
1174 2224
1174 3502
1175 2231
1175 3505
1175 1297
1175 1785
1176 79
1176 2553
1176 2138
1176 1244
1176 2601
1177 3507
1177 3506
1177 800
1177 808
1177 1705
1177 3495
1178 1633
1178 3509
1178 3508
1179 3512
1179 3511
1179 3510
1180 2603
1181 3516
1181 2968
1181 2781
1181 3515
1181 3514
1181 3513
1182 3520
1182 3086
1182 3519
1182 3518
1182 3517
1182 1973
1183 1533
1183 2595
1183 2596
1183 2372
1183 650
1183 570
1183 2134
1183 1460
1184 985
1184 3521
1184 3158
1185 2171
1185 2171
1185 1325
1185 1325
1186 3523
1186 3523
1186 3522
1186 3522
1187 1023
1187 3526
1187 3525
1187 3524
1188 3529
1188 3528
1188 3527
1189 3534
1189 3533
1189 3532
1189 3531
1189 3530
1190 3537
1190 3071
1190 3211
1190 3536
1190 3535
1191 2749
1191 3538
1191 2740
1192 2115
1192 3541
1192 3540
1192 3539
1193 3543
1193 1298
1193 2585
1193 2601
1193 1260
1193 3542
1194 399
1194 612
1194 3159
1194 819
1194 818
1194 2634
1194 93
1195 2095
1195 3545
1195 3544
1195 1184
1196 3546
1196 3546
1196 3546
1197 3547
1197 3547
1198 3548
1199 3552
1199 3551
1199 2748
1199 3550
1199 3549
1200 3556
1200 3555
1200 1886
1200 3554
1200 3553
1201 3560
1201 3559
1201 3558
1201 3557
1202 3562
1202 3562
1202 3562
1202 3561
1202 3561
1202 3561
1203 3564
1203 3563
1204 3567
1204 3566
1204 3565
1204 2778
1205 1924
1205 3568
1205 578
1205 3495
1205 729
1206 3570
1206 3569
1207 3571
1207 1249
1207 2372
1207 1295
1208 595
1208 2550
1208 573
1208 3574
1208 2425
1208 1704
1208 3573
1208 3572
1209 3577
1209 1295
1209 1295
1209 1295
1209 2425
1209 571
1209 2133
1209 1460
1209 3576
1209 2470
1209 564
1209 3575
1210 1862
1210 352
1210 345
1210 231
1210 833
1210 480
1211 3579
1211 3578
1211 2598
1211 3574
1211 2382
1212 3581
1212 2584
1212 3580
1212 1675
1212 2137
1213 3584
1213 3584
1213 3583
1213 3583
1213 3582
1213 3582
1214 1115
1214 438
1214 713
1214 727
1214 723
1215 2113
1215 3590
1215 3589
1215 3588
1215 3587
1215 3586
1215 3585
1216 823
1216 924
1216 145
1216 355
1216 242
1216 91
1216 356
1217 3593
1217 3592
1217 2042
1217 3591
1217 713
1218 3597
1218 3596
1218 3595
1218 324
1218 3594
1219 530
1219 1707
1219 641
1219 2138
1219 77
1219 275
1219 1976
1220 3603
1220 3602
1220 3601
1220 3600
1220 3599
1220 3598
1221 1176
1221 2490
1221 2385
1221 453
1221 874
1221 105
1221 342
1221 300
1221 831
1221 989
1221 2547
1221 644
1221 2596
1222 794
1222 2711
1222 3604
1222 1296
1222 595
1222 2670
1222 1090
1222 574
1223 3614
1223 1089
1223 3613
1223 3612
1223 3611
1223 1653
1223 3610
1223 3609
1223 3608
1223 2735
1223 1399
1223 3607
1223 206
1223 3606
1223 985
1223 3605
1224 395
1224 1277
1224 1148
1224 633
1224 1446
1224 116
1224 560
1224 3615
1224 1141
1225 2699
1225 2699
1225 1768
1225 1768
1225 3168
1225 3168
1225 394
1225 394
1225 370
1225 370
1225 364
1225 364
1225 1448
1225 1448
1225 2640
1225 2640
1225 788
1225 788
1225 2400
1225 2400
1225 2155
1225 2155
1225 26
1225 26
1225 272
1225 272
1225 2220
1225 2220
1225 1790
1225 1790
1225 363
1225 363
1225 2659
1225 2659
1225 563
1225 563
1225 2602
1225 2602
1225 1949
1225 1949
1225 1862
1225 1862
1225 2154
1225 2154
1225 686
1225 686
1225 59
1225 59
1225 630
1225 630
1225 2654
1225 2654
1225 110
1225 110
1225 1629
1225 1629
1225 609
1225 609
1225 2286
1225 2286
1225 3616
1225 3616
1225 104
1225 104
1225 1100
1225 1100
1226 254
1226 395
1226 3617
1226 1446
1226 494
1226 2612
1226 59
1226 496
1226 1629
1226 831
1227 129
1227 524
1227 754
1227 3618
1228 1144
1228 63
1228 1607
1228 190
1228 91
1228 285
1228 170
1229 3621
1229 3620
1229 3619
1230 3622
1230 576
1230 275
1230 587
1230 595
1230 2382
1230 3574
1230 2024
1230 185
1231 3623
1231 337
1231 1370
1231 755
1232 26
1232 1367
1232 3630
1232 2028
1232 2377
1232 591
1232 1994
1232 353
1232 302
1232 630
1232 874
1232 3629
1232 307
1232 549
1232 342
1232 1789
1232 921
1232 3628
1232 341
1232 4
1232 1383
1232 102
1232 1336
1232 482
1232 3627
1232 1979
1232 548
1232 3626
1232 345
1232 3625
1232 606
1232 408
1232 3624
1232 480
1232 2152
1232 952
1232 660
1232 813
1232 1265
1232 989
1232 604
1232 920
1232 602
1232 188
1232 2430
1232 796
1232 476
1232 2142
1232 1755
1232 1936
1232 279
1232 2536
1232 2331
1232 281
1232 414
1232 957
1232 2395
1232 3581
1232 3622
1232 3578
1232 1675
1232 1706
1232 586
1232 1772
1232 2580
1232 441
1232 2952
1232 1288
1233 3634
1233 3633
1233 2673
1233 3632
1233 3631
1234 391
1234 508
1234 726
1235 303
1235 1939
1235 2604
1235 697
1235 275
1235 3635
1235 2521
1235 185
1236 2531
1236 2672
1236 1863
1236 2585
1236 761
1237 3636
1237 402
1237 760
1237 522
1237 260
1238 1836
1238 373
1238 59
1238 111
1238 2326
1238 3637
1239 3642
1239 1620
1239 3641
1239 3640
1239 3639
1239 3638
1239 2553
1240 3645
1240 3644
1240 3643
1241 1553
1241 1553
1241 3125
1241 3125
1241 3646
1241 3646
1242 1653
1242 2925
1242 3610
1242 3648
1242 3647
1243 3653
1243 3652
1243 3651
1243 3650
1243 3649
1244 1397
1244 549
1244 2669
1245 3657
1245 3656
1245 3655
1245 3654
1245 1297
1246 3661
1246 3660
1246 3505
1246 3659
1246 3658
1247 3663
1247 3662
1248 3666
1248 3665
1248 3664
1249 3667
1249 1936
1249 1579
1249 1451
1249 843
1249 2530
1250 3671
1250 3670
1250 3669
1250 3668
1251 3673
1251 3672
1252 3674
1253 3675
1253 3675
1253 3675
1253 1876
1253 1876
1253 1876
1254 3676
1254 3676
1254 2793
1254 2793
1254 3524
1254 3524
1255 3679
1255 1541
1255 3678
1255 892
1255 3677
1255 3556
1255 2946
1256 686
1256 1947
1256 1142
1256 834
1256 708
1256 144
1256 229
1256 294
1256 1452
1256 1946
1256 354
1256 549
1256 952
1256 1945
1256 1048
1256 1944
1256 1339
1256 657
1256 603
1256 532
1256 285
1256 1132
1256 228
1256 1943
1256 1942
1256 1941
1256 1940
1256 1939
1256 811
1256 1938
1256 1928
1256 1937
1256 1936
1256 78
1256 1935
1257 3682
1257 3681
1257 3680
1258 307
1258 342
1258 1130
1259 437
1259 1014
1259 1858
1259 789
1259 1253
1259 1533
1259 1388
1260 3683
1260 2668
1260 2708
1260 2087
1261 997
1261 2838
1261 324
1261 3684
1261 1852
1261 1005
1261 901
1262 1006
1262 1005
1262 2946
1262 3685
1263 1251
1263 722
1263 533
1263 173
1264 395
1264 29
1264 65
1264 1533
1264 254
1264 1144
1264 2417
1264 672
1264 616
1264 2185
1264 3381
1264 496
1264 837
1264 746
1264 1141
1264 2605
1264 754
1264 494
1264 306
1264 239
1264 240
1264 325
1264 714
1264 1340
1264 3196
1264 2281
1264 232
1264 952
1264 3686
1264 1077
1264 83
1264 1508
1264 730
1264 1331
1264 696
1264 2427
1264 595
1265 3688
1265 11
1265 930
1265 759
1265 699
1265 540
1265 837
1265 541
1265 3687
1265 370
1265 755
1265 1546
1265 150
1266 3692
1266 2827
1266 3691
1266 2141
1266 212
1266 364
1266 735
1266 135
1266 135
1266 227
1266 2490
1266 854
1266 2520
1266 243
1266 453
1266 2408
1266 56
1266 3690
1266 3689
1267 3695
1267 126
1267 36
1267 385
1267 387
1267 721
1267 621
1267 3208
1267 620
1267 3118
1267 1159
1267 1158
1267 3694
1267 840
1267 380
1267 3015
1267 1280
1267 3693
1267 2282
1267 503
1267 1768
1267 422
1267 423
1267 1014
1267 136
1267 1318
1267 2220
1267 501
1267 1368
1267 633
1267 632
1267 1447
1267 121
1267 1315
1267 493
1267 1629
1267 1994
1267 2685
1268 891
1268 3049
1268 3696
1269 3699
1269 324
1269 3698
1269 3697
1270 3700
1271 725
1271 30
1271 732
1271 150
1271 356
1271 1383
1271 85
1272 3702
1272 3701
1273 3704
1273 206
1273 3703
1274 3706
1274 808
1274 826
1274 73
1274 3705
1274 3542
1274 2412
1274 185
1275 337
1275 211
1275 64
1275 709
1275 63
1275 326
1275 3185
1275 350
1275 294
1275 306
1275 348
1275 647
1275 1516
1275 689
1275 266
1275 265
1276 3709
1276 198
1276 1448
1276 2602
1276 746
1276 2398
1276 591
1276 3708
1276 617
1276 610
1276 597
1276 2696
1276 22
1276 1048
1276 491
1276 343
1276 2153
1276 345
1276 55
1276 299
1276 604
1276 266
1276 269
1276 1978
1276 2652
1276 602
1276 3529
1276 2512
1276 3707
1276 2262
1276 2331
1276 3528
1276 1676
1276 779
1276 573
1276 2487
1276 2424
1276 2666
1276 3622
1276 2667
1277 663
1277 1333
1277 913
1277 3624
1277 85
1277 947
1277 188
1277 3138
1277 2430
1277 576
1277 781
1277 185
1277 3710
1278 27
1278 1611
1278 104
1278 1263
1278 666
1279 3712
1279 1041
1279 3711
1279 3541
1280 893
1280 892
1280 3714
1280 3713
1280 298
1281 385
1281 722
1281 159
1281 533
1281 3159
1282 3715
1282 822
1282 502
1282 1631
1282 1546
1282 394
1282 1013
1282 496
1282 1176
1282 2300
1282 306
1282 2259
1282 96
1282 1466
1282 172
1282 2372
1282 2596
1282 2382
1283 3717
1283 2146
1283 2679
1283 1674
1283 2470
1283 3716
1284 3718
1284 3718
1284 3718
1284 3718
1284 3718
1285 3719
1286 3723
1286 3722
1286 3721
1286 3720
1287 1311
1287 516
1287 339
1287 256
1287 255
1287 3724
1288 1326
1288 1287
1288 855
1288 332
1288 386
1289 3727
1289 3726
1289 2109
1289 1457
1289 3725
1290 1167
1290 1182
1290 2690
1290 1168
1291 3729
1291 3729
1291 3729
1291 3729
1291 3728
1291 3728
1291 3728
1291 3728
1292 3730
1292 3730
1292 3730
1292 3730
1292 3730
1293 2482
1293 2482
1293 3732
1293 3732
1293 3731
1293 3731
1294 3735
1294 3735
1294 3734
1294 3734
1294 3733
1294 3733
1295 3738
1295 3412
1295 3737
1295 3736
1296 3739
1296 1115
1296 127
1296 136
1296 957
1297 317
1297 593
1297 67
1297 699
1297 1466
1298 3744
1298 3743
1298 1102
1298 3742
1298 3741
1298 2936
1298 3740
1298 2612
1298 2631
1298 3405
1298 3249
1299 3746
1299 3745
1299 3048
1300 3747
1300 808
1300 78
1300 801
1300 3581
1300 2381
1300 806
1301 383
1301 1293
1301 328
1301 254
1301 1388
1301 1631
1301 790
1301 1370
1301 1397
1301 356
1301 1533
1301 597
1301 549
1301 1452
1301 60
1301 54
1301 3627
1301 189
1301 2619
1301 3748
1301 86
1301 283
1301 2478
1301 3156
1302 2599
1302 3749
1302 3388
1302 765
1303 3750
1303 1295
1303 1464
1303 680
1303 849
1303 2021
1304 528
1304 1886
1304 3679
1304 2946
1304 1003
1304 1002
1304 3751
1304 3684
1304 1472
1304 1533
1304 1317
1304 1367
1304 118
1304 2520
1304 1336
1304 1529
1304 565
1305 3752
1305 1858
1305 417
1306 2220
1306 2096
1306 2021
1307 3753
1307 3753
1307 3753
1307 3753
1307 3753
1308 3678
1308 3239
1308 3556
1308 3754
1308 1750
1309 3755
1310 3756
1310 3756
1310 3756
1310 3756
1310 3756
1310 3756
1311 2786
1311 3759
1311 3758
1311 3757
1312 3763
1312 3762
1312 3761
1312 1682
1312 3760
1313 3764
1314 201
1314 2584
1314 3574
1314 2382
1315 424
1315 2155
1316 3765
1316 3765
1316 3765
1316 3765
1316 3765
1317 3769
1317 3768
1317 3767
1317 3766
1318 585
1318 2024
1318 2709
1318 568
1318 3770
1319 3772
1319 3772
1319 3772
1319 3771
1319 3771
1319 3771
1320 3775
1320 3774
1320 3773
1321 3776
1321 3776
1321 3776
1321 3776
1321 1883
1321 1883
1321 1883
1321 1883
1322 3778
1322 3777
1323 3212
1323 3212
1323 3212
1323 3212
1323 3212
1324 3780
1324 3779
1325 337
1325 337
1325 337
1325 2480
1325 2480
1325 2480
1326 3335
1326 3781
1327 1291
1327 1291
1327 1291
1328 3786
1328 3785
1328 3784
1328 3783
1328 3782
1329 211
1329 549
1329 3199
1329 3787
1329 2426
1330 1885
1330 3788
1330 956
1330 552
1331 515
1331 1366
1331 835
1331 684
1331 872
1332 813
1332 3568
1332 3188
1333 823
1333 436
1333 920
1333 3789
1333 989
1334 2427
1334 3790
1334 795
1334 1380
1334 74
1334 1721
1335 923
1335 37
1335 36
1335 21
1335 2415
1335 539
1335 24
1335 24
1335 834
1335 2281
1335 483
1335 1939
1335 21
1335 3198
1335 2547
1335 285
1335 739
1335 2562
1335 1249
1335 2461
1335 2565
1336 2507
1336 3791
1336 518
1336 508
1336 35
1336 410
1336 368
1336 372
1336 138
1336 397
1336 26
1336 150
1336 1947
1336 356
1336 355
1336 244
1336 417
1336 352
1336 667
1336 1577
1336 205
1336 3787
1337 544
1337 84
1337 644
1337 3792
1337 80
1337 1291
1337 1290
1337 1012
1337 1937
1337 1721
1338 1546
1338 337
1338 121
1338 735
1338 814
1338 290
1338 111
1338 2621
1338 872
1338 818
1338 2416
1338 85
1339 3796
1339 3795
1339 3794
1339 259
1339 3793
1340 2181
1340 3798
1340 2157
1340 1079
1340 3797
1340 1393
1340 1366
1340 1397
1340 353
1340 496
1340 494
1340 292
1340 54
1340 495
1340 3156
1340 2280
1340 2327
1340 133
1340 224
1340 476
1340 1627
1340 334
1340 2536
1340 696
1340 2857
1340 595
1340 1532
1340 3624
1340 2301
1341 3802
1341 3801
1341 789
1341 328
1341 625
1341 1417
1341 428
1341 1258
1341 634
1341 1384
1341 633
1341 26
1341 685
1341 147
1341 2636
1341 1527
1341 1142
1341 292
1341 245
1341 3484
1341 3800
1341 353
1341 496
1341 3799
1341 1363
1341 1446
1341 238
1341 1526
1341 560
1341 493
1341 108
1341 236
1341 2396
1341 1531
1341 1361
1341 927
1341 653
1341 1381
1341 2397
1341 345
1341 1627
1341 270
1341 404
1341 1987
1341 1945
1341 2541
1341 603
1341 2235
1341 657
1341 2619
1341 266
1341 2290
1341 532
1341 221
1341 285
1341 83
1341 2262
1341 276
1341 1390
1341 2331
1341 687
1341 3528
1341 655
1341 2540
1341 2553
1341 651
1341 576
1341 827
1341 2671
1341 2147
1341 1376
1341 1772
1342 371
1342 922
1342 1382
1342 710
1342 251
1342 196
1342 685
1342 106
1342 1263
1342 1338
1342 1336
1342 1266
1342 55
1342 190
1342 91
1342 659
1342 477
1342 1355
1342 2545
1342 3167
1342 3195
1342 635
1342 849
1343 1915
1343 402
1343 3803
1343 520
1343 212
1343 212
1343 2545
1344 669
1344 833
1344 421
1345 3804
1345 2670
1345 2474
1345 2522
1345 1460
1346 494
1346 874
1346 834
1346 87
1346 658
1347 1628
1347 689
1347 2325
1347 2512
1347 1332
1347 851
1347 779
1348 1774
1348 1200
1348 1317
1348 560
1348 2011
1348 953
1348 492
1348 1267
1348 3202
1348 532
1349 2411
1349 798
1349 2147
1349 2550
1349 2304
1349 3805
1349 802
1349 2146
1349 455
1349 2423
1349 200
1349 849
1350 3806
1350 2572
1350 2119
1350 658
1350 809
1351 2445
1351 246
1351 6
1351 1946
1351 832
1351 2281
1351 21
1351 663
1351 1566
1351 169
1351 133
1352 2651
1352 3809
1352 3808
1352 816
1352 3529
1352 2142
1352 1390
1352 2262
1352 2331
1352 3528
1352 1676
1352 2668
1352 2531
1352 3218
1352 2616
1352 2395
1352 2667
1352 2666
1352 1719
1352 263
1352 3807
1352 2580
1353 2028
1353 1862
1353 2657
1353 1267
1353 1607
1353 491
1353 1048
1353 2153
1353 3419
1353 236
1353 341
1353 3813
1353 596
1353 548
1353 662
1353 2693
1353 3628
1353 1252
1353 2377
1353 482
1353 785
1353 1359
1353 3626
1353 3812
1353 3811
1353 1756
1353 660
1353 3810
1353 604
1354 766
1354 3615
1354 1292
1354 276
1355 370
1355 1546
1355 1673
1355 1672
1355 368
1355 22
1355 144
1355 490
1355 191
1355 1577
1355 731
1355 96
1355 2315
1355 231
1355 481
1355 3627
1355 176
1355 168
1355 187
1355 1077
1355 476
1355 705
1355 1090
1355 2213
1355 729
1356 1680
1357 3385
1357 3815
1357 3814
1358 3817
1358 3816
1359 3820
1359 3819
1359 3818
1360 3821
1361 2704
1361 3823
1361 3822
1361 2492
1362 3825
1362 3824
1363 3829
1363 3828
1363 3827
1363 3826
1364 2439
1364 2439
1364 2439
1364 2439
1364 3830
1364 3830
1364 3830
1364 3830
1364 718
1364 718
1364 718
1364 718
1365 3833
1365 3832
1365 3831
1366 3832
1366 1315
1367 3835
1367 3834
1368 853
1368 3836
1368 1577
1368 741
1368 830
1369 842
1369 67
1369 621
1369 140
1369 365
1370 303
1370 481
1370 84
1370 170
1371 3837
1371 3837
1371 3837
1371 3837
1371 3837
1372 3840
1372 3839
1372 619
1372 3838
1373 3846
1373 3845
1373 3844
1373 3843
1373 3842
1373 3841
1374 1026
1374 1026
1374 1026
1374 3071
1374 3071
1374 3071
1375 3816
1375 2592
1375 3848
1375 3847
1376 3852
1376 3851
1376 3850
1376 3849
1377 3853
1377 3853
1377 3853
1377 3853
1377 3853
1377 3853
1378 3855
1378 3854
1379 3859
1379 3858
1379 3857
1379 3856
1380 3860
1380 3310
1381 3861
1381 3861
1382 901
1382 901
1382 1129
1382 1129
1382 3862
1382 3862
1383 3866
1383 3681
1383 3865
1383 676
1383 3864
1383 3863
1384 3867
1384 3867
1384 3867
1384 3867
1384 3867
1385 3870
1385 3869
1385 3868
1386 3874
1386 3873
1386 3872
1386 3871
1387 3877
1387 3454
1387 3876
1387 3875
1388 3882
1388 3881
1388 3880
1388 3879
1388 3878
1388 3526
1389 3884
1389 3775
1389 3883
1390 295
1390 3888
1390 3887
1390 3886
1390 3885
1391 3889
1391 3889
1391 3889
1391 3889
1391 3889
1392 3890
1392 891
1392 2202
1392 3190
1392 894
1393 3838
1393 3778
1393 3777
1393 3891
1394 3892
1394 955
1394 524
1394 916
1394 1251
1395 552
1395 72
1395 256
1395 26
1395 1387
1396 2219
1396 3625
1397 261
1397 3225
1397 11
1397 3203
1397 389
1398 1147
1398 1672
1398 1673
1398 1496
1398 496
1398 2384
1398 714
1398 292
1398 2621
1398 2641
1398 144
1398 3717
1399 370
1399 343
1399 174
1399 656
1399 1249
1400 1447
1400 633
1400 496
1400 3894
1400 2612
1400 814
1400 560
1400 2622
1400 1141
1400 353
1400 306
1400 3615
1400 1629
1400 1628
1400 3893
1400 488
1400 103
1400 2408
1401 1243
1401 186
1401 573
1401 650
1401 572
1401 2683
1402 515
1402 1320
1402 500
1402 336
1402 1994
1402 2622
1402 61
1402 1133
1402 3897
1402 2218
1402 1100
1402 3896
1402 481
1402 269
1402 282
1402 3895
1402 3705
1403 164
1403 29
1403 152
1403 876
1403 326
1403 248
1403 2218
1403 2327
1403 912
1403 576
1404 149
1404 1367
1404 238
1404 866
1404 345
1404 1303
1404 646
1405 1301
1405 1380
1405 3218
1405 794
1405 1295
1405 1288
1406 2543
1406 3188
1406 2426
1406 1330
1406 957
1406 2337
1406 18
1406 1289
1406 3572
1407 3900
1407 3899
1407 3898
1407 60
1407 96
1408 1244
1408 2601
1408 201
1408 794
1408 3573
1408 1210
1408 762
1408 946
1408 1328
1409 3901
1409 522
1409 2606
1409 3896
1409 1362
1410 121
1410 735
1410 746
1410 543
1410 2442
1411 26
1411 360
1411 3687
1411 948
1411 195
1411 326
1411 246
1411 685
1411 2286
1411 538
1411 242
1411 62
1411 2218
1411 754
1411 631
1411 766
1411 1268
1411 239
1411 243
1411 1946
1411 352
1411 233
1411 489
1411 2394
1411 645
1411 487
1411 202
1411 485
1411 486
1411 231
1411 484
1411 178
1411 229
1411 483
1411 832
1411 190
1411 205
1411 133
1411 19
1412 3902
1412 2427
1412 2329
1412 2086
1412 1706
1412 2474
1413 3159
1413 105
1413 101
1413 85
1413 1313
1413 188
1413 2461
1414 199
1414 2443
1414 353
1414 111
1414 232
1414 872
1415 1367
1415 2293
1415 668
1415 2609
1416 35
1416 506
1416 369
1416 196
1416 541
1416 195
1416 539
1416 242
1416 948
1416 1526
1416 492
1416 2621
1416 489
1416 231
1416 3
1416 299
1416 188
1416 78
1416 2297
1416 798
1417 878
1417 339
1417 399
1417 386
1417 533
1417 623
1417 877
1417 178
1417 850
1417 680
1418 27
1418 502
1418 2444
1418 196
1418 246
1418 148
1418 62
1418 105
1418 746
1418 1337
1418 96
1418 347
1418 217
1418 834
1418 1530
1418 664
1418 54
1418 101
1418 270
1418 85
1418 990
1418 492
1418 80
1418 88
1418 652
1418 798
1418 569
1418 2359
1419 2632
1419 76
1419 1249
1419 3903
1419 704
1419 2473
1419 186
1419 2522
1419 2424
1419 1294
1419 455
1419 2428
1420 783
1420 1464
1420 762
1420 2533
1420 2485
1421 739
1421 1012
1421 2184
1421 3543
1421 2533
1421 576
1421 2372
1421 575
1421 18
1421 17
1421 595
1421 744
1422 758
1422 135
1422 106
1422 1834
1422 2471
1423 567
1423 123
1423 840
1423 533
1423 57
1423 301
1423 56
1423 303
1423 1358
1423 812
1424 3905
1424 2585
1424 577
1424 1705
1424 1674
1424 3904
1425 1388
1425 328
1425 500
1425 396
1425 634
1425 1176
1425 670
1425 63
1425 240
1425 113
1425 498
1425 2384
1425 2220
1425 2326
1425 953
1425 3419
1425 2408
1425 3628
1425 232
1425 2281
1425 228
1425 2479
1425 91
1425 169
1425 1259
1425 20
1425 1390
1425 1835
1425 413
1425 2952
1426 247
1426 1446
1426 766
1426 874
1426 289
1426 494
1426 1141
1426 203
1426 1337
1426 488
1426 2281
1426 607
1426 1516
1426 2099
1426 580
1426 1332
1426 2284
1427 950
1427 124
1427 949
1427 136
1427 948
1427 947
1427 705
1427 946
1428 957
1428 265
1428 586
1428 1926
1428 188
1429 135
1429 247
1429 2490
1429 108
1429 2218
1429 57
1429 1275
1429 1675
1430 210
1430 2291
1430 821
1430 5
1430 833
1430 188
1430 2597
1430 1354
1431 3906
1431 15
1431 128
1431 44
1431 129
1431 525
1432 413
1432 2632
1432 2337
1432 806
1432 1462
1432 3635
1433 14
1433 1150
1433 2263
1433 1277
1433 422
1433 437
1433 328
1433 366
1433 1147
1433 922
1433 1148
1433 1144
1433 500
1433 211
1433 2595
1433 1258
1433 2417
1433 1318
1433 2518
1433 838
1433 1200
1433 353
1433 633
1433 1142
1433 3478
1433 63
1433 560
1433 874
1433 1672
1433 1673
1433 119
1433 494
1433 766
1433 233
1433 300
1434 2595
1434 342
1434 803
1434 1928
1434 82
1434 1298
1434 2343
1435 40
1435 1279
1435 471
1435 2841
1435 1253
1435 2639
1435 545
1435 2651
1435 1210
1435 1147
1435 1096
1436 644
1436 1986
1436 2597
1436 641
1436 170
1436 2533
1436 2484
1437 1340
1437 351
1437 664
1437 818
1437 91
1437 3198
1437 750
1437 173
1437 1986
1437 3908
1437 2461
1437 2213
1437 3907
1438 3188
1438 808
1438 2461
1438 650
1438 1704
1438 1460
1438 781
1438 2301
1438 568
1438 3770
1439 1368
1439 2589
1439 157
1439 3708
1439 63
1439 491
1439 609
1439 615
1439 349
1439 201
1439 2583
1439 3581
1439 3910
1439 1533
1439 3909
1440 728
1440 842
1440 2096
1440 2532
1440 3911
1440 3156
1440 952
1440 2152
1441 33
1441 378
1441 418
1441 471
1441 330
1441 437
1441 373
1441 14
1441 21
1441 1150
1441 1393
1441 501
1441 3724
1441 2443
1441 3912
1441 3157
1441 779
1441 827
1442 550
1442 689
1442 3913
1443 2381
1443 1926
1443 572
1443 2525
1443 2424
1443 569
1443 73
1444 790
1444 1200
1444 498
1444 766
1444 746
1444 2612
1444 2291
1444 3196
1444 3625
1444 3627
1444 2039
1444 1671
1444 2652
1444 1333
1444 1332
1444 266
1444 1928
1445 579
1445 1291
1445 705
1445 1330
1445 2297
1446 54
1446 681
1446 544
1446 2086
1447 616
1447 1147
1447 1014
1447 328
1447 3915
1447 353
1447 560
1447 1141
1447 1607
1447 111
1447 105
1447 2611
1447 834
1447 294
1447 666
1447 1337
1447 820
1447 230
1447 3627
1447 1756
1447 3914
1447 658
1447 481
1448 930
1448 303
1448 2597
1449 136
1449 153
1449 1318
1449 150
1449 363
1449 356
1449 246
1449 948
1449 2415
1449 1416
1449 250
1449 670
1449 355
1449 3484
1450 663
1450 281
1450 1362
1450 3916
1450 3218
1451 414
1451 1012
1451 641
1451 808
1451 3188
1451 589
1451 2297
1451 795
1451 2550
1451 1092
1451 3919
1451 275
1451 2596
1451 2372
1451 650
1451 3574
1451 1976
1451 3918
1451 2024
1451 3904
1451 3917
1452 274
1452 3628
1452 2153
1452 548
1452 2684
1452 3812
1452 1262
1453 1159
1453 513
1453 2699
1453 617
1453 2595
1453 210
1453 118
1453 3708
1454 516
1454 637
1454 725
1454 2841
1454 2096
1454 3920
1455 1148
1455 196
1455 57
1455 664
1455 3921
1456 3627
1456 607
1456 654
1456 2532
1456 873
1456 105
1456 104
1456 307
1456 3922
1456 2260
1456 109
1456 1292
1456 1339
1456 282
1457 328
1457 2384
1457 867
1457 3529
1458 2360
1458 1295
1458 1376
1458 1705
1459 2296
1459 1675
1459 275
1459 3924
1459 2596
1459 2372
1459 595
1459 2461
1459 2382
1459 3574
1459 3572
1459 3923
1460 3926
1460 699
1460 1014
1460 1253
1460 328
1460 614
1460 2594
1460 634
1460 1790
1460 3915
1460 492
1460 307
1460 294
1460 488
1460 58
1460 234
1460 1789
1460 271
1460 873
1460 2375
1460 270
1460 1529
1460 267
1460 2541
1460 282
1460 3895
1460 2619
1460 2290
1460 3925
1460 278
1461 3224
1461 535
1461 2218
1461 105
1461 3478
1461 2516
1461 1452
1461 2641
1461 1262
1461 763
1461 94
1461 684
1462 3928
1462 411
1462 3207
1462 33
1462 437
1462 1385
1462 1368
1462 614
1462 370
1462 1174
1462 3927
1462 285
1463 614
1463 1147
1463 3930
1463 121
1463 272
1463 1447
1463 610
1463 3893
1463 270
1463 2653
1463 3929
1463 3206
1464 1399
1464 2545
1464 2430
1464 2597
1464 1259
1464 1835
1464 745
1465 1447
1465 239
1465 1267
1465 1268
1465 1333
1465 2546
1465 2553
1466 440
1466 807
1466 2473
1466 3931
1466 3635
1466 200
1467 794
1467 2137
1467 16
1467 1329
1468 1379
1468 2519
1468 2712
1468 1380
1469 3934
1469 595
1469 2670
1469 81
1469 761
1469 3572
1469 2471
1469 871
1469 3088
1469 3933
1469 1935
1469 2707
1469 3932
1469 1674
1469 2301
1469 185
1469 3923
1470 3936
1470 1225
1470 3935
1470 1295
1470 3574
1471 546
1471 1143
1471 151
1471 304
1472 2540
1472 2491
1472 3218
1472 74
1472 2666
1473 923
1473 258
1473 1391
1473 351
1473 105
1473 741
1474 372
1474 429
1474 2590
1474 1947
1474 709
1474 356
1474 1049
1474 368
1474 328
1474 2417
1474 632
1474 2443
1474 670
1474 1364
1474 715
1474 306
1474 495
1474 1268
1474 2316
1474 644
1474 3110
1475 166
1475 1081
1475 2184
1475 1244
1475 2596
1475 2372
1476 641
1476 2711
1476 1295
1476 1295
1477 75
1477 1330
1477 827
1477 806
1478 3937
1478 1209
1478 2482
1478 3311
1478 934
1478 2090
1479 2113
1479 3941
1479 3077
1479 3940
1479 3939
1479 3938
1480 3945
1480 3944
1480 3943
1480 3942
1481 3948
1481 3947
1481 1992
1481 3946
1482 3951
1482 939
1482 3230
1482 3950
1482 3949
1483 3954
1483 3953
1483 3952
1483 3441
1484 3955
1484 3955
1484 3955
1484 3955
1484 3955
1485 2831
1485 2831
1485 2831
1485 2831
1485 2831
1486 2806
1486 2806
1486 2806
1486 2806
1486 3956
1486 3956
1486 3956
1486 3956
1487 3240
1487 3240
1487 3238
1487 3238
1487 3957
1487 3957
1488 3959
1488 3958
1488 770
1489 2205
1489 2205
1489 2205
1489 2205
1489 2205
1489 2205
1490 3863
1490 2069
1490 3961
1490 3960
1491 3962
1492 3963
1492 3963
1492 3963
1493 1164
1493 1164
1493 1164
1493 3964
1493 3964
1493 3964
1494 1426
1494 3966
1494 3891
1494 3965
1495 3968
1495 1682
1495 3967
1495 3558
1496 3971
1496 3970
1496 3969
1497 3974
1497 3973
1497 3972
1498 3976
1498 3976
1498 3976
1498 3976
1498 3976
1498 3975
1498 3975
1498 3975
1498 3975
1498 3975
1499 3978
1499 3978
1499 3978
1499 3978
1499 3978
1499 3977
1499 3977
1499 3977
1499 3977
1499 3977
1500 3979
1500 3979
1500 3979
1500 3979
1500 3979
1501 3980
1501 3980
1501 3980
1501 3980
1501 3980
1502 3981
1502 3981
1502 3981
1502 3981
1502 3981
1502 3981
1502 3981
1502 3981
1503 2673
1503 2673
1503 2673
1503 1664
1503 1664
1503 1664
1504 3983
1504 3983
1504 3983
1504 3983
1504 3982
1504 3982
1504 3982
1504 3982
1505 856
1505 856
1505 856
1505 2318
1505 2318
1505 2318
1506 3320
1506 3984
1506 3319
1506 3349
1507 3985
1507 3985
1507 3985
1507 3985
1507 3985
1508 3986
1508 3986
1508 3986
1508 3986
1508 3986
1509 3989
1509 3988
1509 1791
1509 3987
1510 599
1510 599
1510 713
1510 713
1510 259
1510 259
1510 726
1510 726
1510 164
1510 164
1510 410
1510 410
1510 388
1510 388
1510 387
1510 387
1510 126
1510 126
1510 722
1510 722
1510 158
1510 158
1510 30
1510 30
1511 3984
1511 3991
1511 3990
1512 3994
1512 3994
1512 3993
1512 3993
1512 3992
1512 3992
1513 3995
1513 2657
1514 3997
1514 3996
1514 1295
1515 3681
1515 3999
1515 3866
1515 676
1515 3998
1516 4001
1516 4001
1516 4001
1516 4000
1516 4000
1516 4000
1517 3061
1517 3061
1517 3061
1518 3408
1518 4005
1518 4004
1518 4003
1518 4002
1519 3351
1519 4007
1519 3773
1519 3320
1519 4006
1520 4008
1520 4008
1520 4008
1521 4009
1521 4009
1521 4009
1521 4009
1521 4009
1522 4010
1522 4010
1522 4010
1522 4010
1522 4010
1523 1533
1523 364
1523 26
1523 1338
1523 1295
1524 1567
1524 643
1524 127
1524 507
1524 310
1524 378
1524 140
1524 365
1524 188
1524 1390
1525 4011
1525 4011
1525 4011
1525 4011
1525 4011
1526 4012
1526 4012
1526 4012
1526 4012
1526 4012
1527 4014
1527 4014
1527 4013
1527 4013
1528 4017
1528 4016
1528 4015
1529 2878
1529 3781
1529 3335
1530 3877
1530 2936
1530 4018
1531 4019
1531 4019
1531 4019
1531 4019
1531 4019
1532 4020
1532 4020
1532 4020
1532 4020
1532 4020
1532 4020
1533 4021
1533 4021
1533 4021
1533 4021
1533 4021
1534 4024
1534 1681
1534 3891
1534 4023
1534 4022
1535 2594
1535 4028
1535 4027
1535 4026
1535 4025
1536 4029
1536 4029
1536 4029
1536 4029
1536 4029
1537 4031
1537 4031
1537 4031
1537 4030
1537 4030
1537 4030
1538 4032
1538 4032
1538 4032
1538 4032
1538 4032
1539 2454
1539 2454
1539 2454
1539 2454
1539 2454
1539 2454
1539 2454
1539 2454
1539 2454
1539 2454
1540 4034
1540 4034
1540 4034
1540 4033
1540 4033
1540 4033
1541 4035
1541 3008
1542 4038
1542 4037
1542 4036
1543 4041
1543 4040
1543 4027
1543 4039
1544 4042
1544 4042
1544 4042
1544 4042
1544 4042
1544 4042
1544 4042
1545 4043
1545 4043
1545 4043
1545 4043
1545 4043
1545 4043
1545 4043
1546 4044
1546 4044
1546 4044
1546 4044
1546 4044
1546 4044
1546 4044
1546 4044
1547 3854
1547 4046
1547 4045
1547 3058
1547 3871
1548 4047
1548 4047
1548 4047
1548 4047
1548 4047
1549 4048
1549 4048
1549 4048
1549 4048
1549 4048
1550 4050
1550 4049
1551 1690
1551 1690
1551 1690
1551 603
1551 603
1551 603
1552 687
1552 687
1552 687
1552 687
1552 687
1553 4051
1553 4051
1553 4051
1553 4051
1553 4051
1554 4052
1554 4052
1554 4052
1554 4052
1554 4052
1555 760
1555 760
1555 760
1555 760
1555 760
1556 4053
1556 4053
1556 4053
1556 4053
1556 4053
1557 2795
1557 2795
1557 2795
1557 2795
1557 2795
1558 4054
1558 4054
1558 4054
1558 4054
1558 4054
1558 4054
1559 4055
1559 4055
1559 4055
1559 4055
1559 4055
1559 4055
1560 4056
1560 4056
1560 4056
1560 4056
1560 4056
1560 4056
1561 4057
1561 4057
1561 4057
1561 4057
1561 4057
1562 4058
1562 4058
1562 4058
1562 4058
1562 4058
1563 2107
1563 2107
1563 2107
1563 2107
1563 2107
1563 2107
1564 4059
1564 4059
1564 4059
1564 4059
1564 4059
1565 1911
1565 1911
1565 1911
1565 1911
1565 1911
1565 1911
1565 1911
1566 3453
1566 3453
1566 3453
1566 3453
1566 3453
1567 4060
1567 4060
1567 4060
1567 4060
1567 4060
1568 1352
1568 1352
1568 1352
1568 1352
1568 1352
1569 4061
1569 4061
1569 4061
1569 4061
1569 4061
1569 4061
1570 4062
1570 4062
1570 4062
1570 4062
1570 4062
1570 4062
1571 3756
1571 3756
1571 3756
1571 3756
1571 3756
1572 4063
1572 4063
1572 4063
1572 4063
1572 4063
1572 4063
1573 4064
1573 4064
1573 4064
1573 4064
1573 4064
1574 4065
1574 4065
1574 4065
1574 4065
1574 4065
1575 1297
1575 1297
1575 1297
1575 1297
1575 1297
1576 4066
1576 4066
1576 4066
1576 4066
1576 4066
1576 4066
1576 4066
1577 2741
1577 3826
1577 4067
1578 4068
1578 4068
1578 4068
1578 4068
1578 4068
1579 4069
1579 4069
1579 4069
1579 4069
1579 4069
1579 4069
1580 4070
1580 4070
1580 4070
1580 4070
1580 4070
1580 4070
1581 4071
1581 4071
1581 4071
1581 4071
1581 4071
1582 4072
1582 4072
1582 4072
1582 4072
1582 4072
1583 4073
1583 4073
1583 4073
1583 4073
1583 4073
1583 4073
1584 4074
1584 4074
1584 4074
1584 4074
1584 4074
1585 2526
1585 2526
1585 2526
1585 2526
1585 2526
1586 4075
1586 4075
1586 4075
1586 4075
1586 4075
1586 4075
1586 4075
1586 4075
1587 4077
1587 4077
1587 4077
1587 4077
1587 4076
1587 4076
1587 4076
1587 4076
1588 1111
1588 1111
1588 1111
1588 1111
1588 1111
1589 4078
1589 4078
1589 4078
1589 4078
1589 4078
1590 4079
1590 4079
1590 4079
1590 4079
1590 4079
1590 4079
1590 4079
1591 4004
1591 4004
1591 4004
1591 4004
1591 4080
1591 4080
1591 4080
1591 4080
1592 4081
1592 4081
1592 4081
1592 4081
1592 4081
1592 4081
1593 4082
1593 4082
1593 4082
1593 4082
1593 4082
1593 4082
1593 4082
1594 4084
1594 4084
1594 4084
1594 4083
1594 4083
1594 4083
1595 4085
1595 4085
1595 4085
1595 4085
1595 4085
1595 4085
1596 1920
1596 1920
1596 1920
1596 1920
1596 1920
1597 4086
1597 4086
1597 4086
1597 4086
1597 4086
1597 4086
1598 4087
1598 4087
1598 4087
1598 4087
1598 4087
1599 3767
1599 3767
1599 3767
1599 3767
1599 3767
1600 4088
1600 4088
1600 4088
1600 4088
1600 4088
1600 4088
1601 4089
1601 4089
1601 4089
1601 4089
1601 4089
1602 4090
1602 4090
1602 4090
1602 4090
1602 4090
1602 4090
1602 4090
1603 2488
1603 2488
1603 2488
1603 2488
1603 2488
